t strain*1e23
-0.73809 -9.6
-0.73784 -9.5
-0.7376 -9.4
-0.73735 -9.2
-0.73711 -9.1
-0.73687 -8.9
-0.73662 -8.7
-0.73638 -8.5
-0.73613 -8.3
-0.73589 -8.0
-0.73565 -7.8
-0.7354 -7.5
-0.73516 -7.2
-0.73491 -6.9
-0.73467 -6.5
-0.73442 -6.2
-0.73418 -5.8
-0.73394 -5.5
-0.73369 -5.1
-0.73345 -4.7
-0.7332 -4.3
-0.73296 -3.9
-0.73272 -3.5
-0.73247 -3.0
-0.73223 -2.6
-0.73198 -2.2
-0.73174 -1.7
-0.73149 -1.3
-0.73125 -0.8
-0.73101 -0.4
-0.73076 0.0
-0.73052 0.5
-0.73027 1.0
-0.73003 1.4
-0.72979 1.9
-0.72954 2.3
-0.7293 2.8
-0.72905 3.2
-0.72881 3.6
-0.72857 4.0
-0.72832 4.4
-0.72808 4.8
-0.72783 5.2
-0.72759 5.6
-0.72734 6.0
-0.7271 6.3
-0.72686 6.7
-0.72661 7.0
-0.72637 7.3
-0.72612 7.6
-0.72588 7.9
-0.72564 8.2
-0.72539 8.4
-0.72515 8.6
-0.7249 8.8
-0.72466 9.0
-0.72441 9.2
-0.72417 9.3
-0.72393 9.5
-0.72368 9.6
-0.72344 9.7
-0.72319 9.7
-0.72295 9.8
-0.72271 9.8
-0.72246 9.8
-0.72222 9.8
-0.72197 9.8
-0.72173 9.7
-0.72149 9.6
-0.72124 9.5
-0.721 9.4
-0.72075 9.3
-0.72051 9.1
-0.72026 8.9
-0.72002 8.8
-0.71978 8.5
-0.71953 8.3
-0.71929 8.0
-0.71904 7.8
-0.7188 7.5
-0.71856 7.2
-0.71831 6.9
-0.71807 6.5
-0.71782 6.2
-0.71758 5.8
-0.71733 5.4
-0.71709 5.0
-0.71685 4.7
-0.7166 4.2
-0.71636 3.8
-0.71611 3.4
-0.71587 3.0
-0.71563 2.5
-0.71538 2.1
-0.71514 1.6
-0.71489 1.2
-0.71465 0.7
-0.71441 0.3
-0.71416 -0.2
-0.71392 -0.7
-0.71367 -1.1
-0.71343 -1.6
-0.71318 -2.0
-0.71294 -2.5
-0.7127 -2.9
-0.71245 -3.3
-0.71221 -3.8
-0.71196 -4.2
-0.71172 -4.6
-0.71148 -5.0
-0.71123 -5.4
-0.71099 -5.8
-0.71074 -6.1
-0.7105 -6.5
-0.71025 -6.8
-0.71001 -7.2
-0.70977 -7.5
-0.70952 -7.8
-0.70928 -8.0
-0.70903 -8.3
-0.70879 -8.5
-0.70855 -8.8
-0.7083 -9.0
-0.70806 -9.2
-0.70781 -9.3
-0.70757 -9.5
-0.70732 -9.6
-0.70708 -9.7
-0.70684 -9.8
-0.70659 -9.8
-0.70635 -9.9
-0.7061 -9.9
-0.70586 -9.9
-0.70562 -9.9
-0.70537 -9.8
-0.70513 -9.7
-0.70488 -9.6
-0.70464 -9.5
-0.7044 -9.4
-0.70415 -9.2
-0.70391 -9.1
-0.70366 -8.9
-0.70342 -8.7
-0.70317 -8.4
-0.70293 -8.2
-0.70269 -7.9
-0.70244 -7.6
-0.7022 -7.3
-0.70195 -7.0
-0.70171 -6.7
-0.70147 -6.3
-0.70122 -6.0
-0.70098 -5.6
-0.70073 -5.2
-0.70049 -4.8
-0.70024 -4.4
-0.7 -4.0
-0.69976 -3.5
-0.69951 -3.1
-0.69927 -2.7
-0.69902 -2.2
-0.69878 -1.7
-0.69854 -1.3
-0.69829 -0.8
-0.69805 -0.4
-0.6978 0.1
-0.69756 0.6
-0.69732 1.0
-0.69707 1.5
-0.69683 2.0
-0.69658 2.4
-0.69634 2.9
-0.69609 3.3
-0.69585 3.7
-0.69561 4.2
-0.69536 4.6
-0.69512 5.0
-0.69487 5.4
-0.69463 5.8
-0.69439 6.1
-0.69414 6.5
-0.6939 6.9
-0.69365 7.2
-0.69341 7.5
-0.69316 7.8
-0.69292 8.1
-0.69268 8.3
-0.69243 8.6
-0.69219 8.8
-0.69194 9.0
-0.6917 9.2
-0.69146 9.4
-0.69121 9.5
-0.69097 9.6
-0.69072 9.7
-0.69048 9.8
-0.69024 9.9
-0.68999 9.9
-0.68975 9.9
-0.6895 9.9
-0.68926 9.9
-0.68901 9.8
-0.68877 9.8
-0.68853 9.7
-0.68828 9.6
-0.68804 9.4
-0.68779 9.3
-0.68755 9.1
-0.68731 8.9
-0.68706 8.7
-0.68682 8.4
-0.68657 8.2
-0.68633 7.9
-0.68608 7.6
-0.68584 7.3
-0.6856 7.0
-0.68535 6.6
-0.68511 6.3
-0.68486 5.9
-0.68462 5.5
-0.68438 5.1
-0.68413 4.7
-0.68389 4.3
-0.68364 3.9
-0.6834 3.4
-0.68316 3.0
-0.68291 2.5
-0.68267 2.1
-0.68242 1.6
-0.68218 1.1
-0.68193 0.7
-0.68169 0.2
-0.68145 -0.3
-0.6812 -0.7
-0.68096 -1.2
-0.68071 -1.7
-0.68047 -2.1
-0.68023 -2.6
-0.67998 -3.0
-0.67974 -3.5
-0.67949 -3.9
-0.67925 -4.4
-0.679 -4.8
-0.67876 -5.2
-0.67852 -5.6
-0.67827 -6.0
-0.67803 -6.3
-0.67778 -6.7
-0.67754 -7.0
-0.6773 -7.4
-0.67705 -7.7
-0.67681 -8.0
-0.67656 -8.3
-0.67632 -8.5
-0.67607 -8.8
-0.67583 -9.0
-0.67559 -9.2
-0.67534 -9.3
-0.6751 -9.5
-0.67485 -9.6
-0.67461 -9.8
-0.67437 -9.8
-0.67412 -9.9
-0.67388 -10.0
-0.67363 -10.0
-0.67339 -10.0
-0.67315 -10.0
-0.6729 -9.9
-0.67266 -9.9
-0.67241 -9.8
-0.67217 -9.7
-0.67192 -9.5
-0.67168 -9.4
-0.67144 -9.2
-0.67119 -9.0
-0.67095 -8.8
-0.6707 -8.6
-0.67046 -8.3
-0.67022 -8.0
-0.66997 -7.7
-0.66973 -7.4
-0.66948 -7.1
-0.66924 -6.8
-0.66899 -6.4
-0.66875 -6.0
-0.66851 -5.6
-0.66826 -5.2
-0.66802 -4.8
-0.66777 -4.4
-0.66753 -4.0
-0.66729 -3.5
-0.66704 -3.1
-0.6668 -2.6
-0.66655 -2.2
-0.66631 -1.7
-0.66607 -1.2
-0.66582 -0.7
-0.66558 -0.3
-0.66533 0.2
-0.66509 0.7
-0.66484 1.2
-0.6646 1.6
-0.66436 2.1
-0.66411 2.6
-0.66387 3.0
-0.66362 3.5
-0.66338 3.9
-0.66314 4.4
-0.66289 4.8
-0.66265 5.2
-0.6624 5.6
-0.66216 6.0
-0.66191 6.4
-0.66167 6.8
-0.66143 7.1
-0.66118 7.4
-0.66094 7.7
-0.66069 8.0
-0.66045 8.3
-0.66021 8.6
-0.65996 8.8
-0.65972 9.0
-0.65947 9.2
-0.65923 9.4
-0.65899 9.6
-0.65874 9.7
-0.6585 9.8
-0.65825 9.9
-0.65801 10.0
-0.65776 10.0
-0.65752 10.0
-0.65728 10.0
-0.65703 10.0
-0.65679 10.0
-0.65654 9.9
-0.6563 9.8
-0.65606 9.7
-0.65581 9.5
-0.65557 9.4
-0.65532 9.2
-0.65508 9.0
-0.65483 8.8
-0.65459 8.5
-0.65435 8.3
-0.6541 8.0
-0.65386 7.7
-0.65361 7.4
-0.65337 7.0
-0.65313 6.7
-0.65288 6.3
-0.65264 5.9
-0.65239 5.5
-0.65215 5.1
-0.65191 4.7
-0.65166 4.3
-0.65142 3.8
-0.65117 3.4
-0.65093 2.9
-0.65068 2.4
-0.65044 2.0
-0.6502 1.5
-0.64995 1.0
-0.64971 0.5
-0.64946 0.0
-0.64922 -0.4
-0.64898 -0.9
-0.64873 -1.4
-0.64849 -1.9
-0.64824 -2.4
-0.648 -2.8
-0.64775 -3.3
-0.64751 -3.8
-0.64727 -4.2
-0.64702 -4.6
-0.64678 -5.1
-0.64653 -5.5
-0.64629 -5.9
-0.64605 -6.3
-0.6458 -6.6
-0.64556 -7.0
-0.64531 -7.3
-0.64507 -7.7
-0.64482 -8.0
-0.64458 -8.3
-0.64434 -8.5
-0.64409 -8.8
-0.64385 -9.0
-0.6436 -9.2
-0.64336 -9.4
-0.64312 -9.6
-0.64287 -9.7
-0.64263 -9.8
-0.64238 -9.9
-0.64214 -10.0
-0.6419 -10.1
-0.64165 -10.1
-0.64141 -10.1
-0.64116 -10.1
-0.64092 -10.0
-0.64067 -10.0
-0.64043 -9.9
-0.64019 -9.8
-0.63994 -9.6
-0.6397 -9.5
-0.63945 -9.3
-0.63921 -9.1
-0.63897 -8.9
-0.63872 -8.6
-0.63848 -8.4
-0.63823 -8.1
-0.63799 -7.8
-0.63774 -7.4
-0.6375 -7.1
-0.63726 -6.8
-0.63701 -6.4
-0.63677 -6.0
-0.63652 -5.6
-0.63628 -5.2
-0.63604 -4.8
-0.63579 -4.3
-0.63555 -3.9
-0.6353 -3.4
-0.63506 -2.9
-0.63482 -2.5
-0.63457 -2.0
-0.63433 -1.5
-0.63408 -1.0
-0.63384 -0.5
-0.63359 0.0
-0.63335 0.5
-0.63311 0.9
-0.63286 1.4
-0.63262 1.9
-0.63237 2.4
-0.63213 2.9
-0.63189 3.3
-0.63164 3.8
-0.6314 4.3
-0.63115 4.7
-0.63091 5.1
-0.63066 5.6
-0.63042 6.0
-0.63018 6.4
-0.62993 6.7
-0.62969 7.1
-0.62944 7.4
-0.6292 7.8
-0.62896 8.1
-0.62871 8.4
-0.62847 8.6
-0.62822 8.9
-0.62798 9.1
-0.62774 9.3
-0.62749 9.5
-0.62725 9.7
-0.627 9.8
-0.62676 9.9
-0.62651 10.0
-0.62627 10.1
-0.62603 10.1
-0.62578 10.2
-0.62554 10.2
-0.62529 10.1
-0.62505 10.1
-0.62481 10.0
-0.62456 9.9
-0.62432 9.8
-0.62407 9.6
-0.62383 9.5
-0.62358 9.3
-0.62334 9.1
-0.6231 8.8
-0.62285 8.6
-0.62261 8.3
-0.62236 8.0
-0.62212 7.7
-0.62188 7.3
-0.62163 7.0
-0.62139 6.6
-0.62114 6.2
-0.6209 5.8
-0.62066 5.4
-0.62041 5.0
-0.62017 4.6
-0.61992 4.1
-0.61968 3.7
-0.61943 3.2
-0.61919 2.7
-0.61895 2.2
-0.6187 1.7
-0.61846 1.2
-0.61821 0.8
-0.61797 0.3
-0.61773 -0.2
-0.61748 -0.7
-0.61724 -1.2
-0.61699 -1.7
-0.61675 -2.2
-0.6165 -2.7
-0.61626 -3.2
-0.61602 -3.7
-0.61577 -4.1
-0.61553 -4.6
-0.61528 -5.0
-0.61504 -5.4
-0.6148 -5.9
-0.61455 -6.3
-0.61431 -6.7
-0.61406 -7.0
-0.61382 -7.4
-0.61357 -7.7
-0.61333 -8.0
-0.61309 -8.3
-0.61284 -8.6
-0.6126 -8.9
-0.61235 -9.1
-0.61211 -9.3
-0.61187 -9.5
-0.61162 -9.7
-0.61138 -9.8
-0.61113 -10.0
-0.61089 -10.1
-0.61065 -10.1
-0.6104 -10.2
-0.61016 -10.2
-0.60991 -10.2
-0.60967 -10.2
-0.60942 -10.1
-0.60918 -10.1
-0.60894 -10.0
-0.60869 -9.8
-0.60845 -9.7
-0.6082 -9.5
-0.60796 -9.3
-0.60772 -9.1
-0.60747 -8.9
-0.60723 -8.6
-0.60698 -8.4
-0.60674 -8.1
-0.60649 -7.7
-0.60625 -7.4
-0.60601 -7.0
-0.60576 -6.7
-0.60552 -6.3
-0.60527 -5.9
-0.60503 -5.5
-0.60479 -5.0
-0.60454 -4.6
-0.6043 -4.1
-0.60405 -3.6
-0.60381 -3.2
-0.60357 -2.7
-0.60332 -2.2
-0.60308 -1.7
-0.60283 -1.2
-0.60259 -0.7
-0.60234 -0.2
-0.6021 0.3
-0.60186 0.8
-0.60161 1.3
-0.60137 1.8
-0.60112 2.3
-0.60088 2.8
-0.60064 3.3
-0.60039 3.8
-0.60015 4.2
-0.5999 4.7
-0.59966 5.1
-0.59941 5.6
-0.59917 6.0
-0.59893 6.4
-0.59868 6.8
-0.59844 7.2
-0.59819 7.5
-0.59795 7.9
-0.59771 8.2
-0.59746 8.5
-0.59722 8.7
-0.59697 9.0
-0.59673 9.2
-0.59649 9.5
-0.59624 9.6
-0.596 9.8
-0.59575 9.9
-0.59551 10.1
-0.59526 10.2
-0.59502 10.2
-0.59478 10.3
-0.59453 10.3
-0.59429 10.3
-0.59404 10.2
-0.5938 10.2
-0.59356 10.1
-0.59331 10.0
-0.59307 9.8
-0.59282 9.7
-0.59258 9.5
-0.59233 9.3
-0.59209 9.1
-0.59185 8.8
-0.5916 8.5
-0.59136 8.2
-0.59111 7.9
-0.59087 7.6
-0.59063 7.2
-0.59038 6.9
-0.59014 6.5
-0.58989 6.1
-0.58965 5.7
-0.58941 5.2
-0.58916 4.8
-0.58892 4.3
-0.58867 3.8
-0.58843 3.4
-0.58818 2.9
-0.58794 2.4
-0.5877 1.9
-0.58745 1.4
-0.58721 0.9
-0.58696 0.3
-0.58672 -0.2
-0.58648 -0.7
-0.58623 -1.2
-0.58599 -1.7
-0.58574 -2.2
-0.5855 -2.7
-0.58525 -3.2
-0.58501 -3.7
-0.58477 -4.2
-0.58452 -4.6
-0.58428 -5.1
-0.58403 -5.5
-0.58379 -6.0
-0.58355 -6.4
-0.5833 -6.8
-0.58306 -7.1
-0.58281 -7.5
-0.58257 -7.9
-0.58232 -8.2
-0.58208 -8.5
-0.58184 -8.8
-0.58159 -9.0
-0.58135 -9.3
-0.5811 -9.5
-0.58086 -9.7
-0.58062 -9.9
-0.58037 -10.0
-0.58013 -10.1
-0.57988 -10.2
-0.57964 -10.3
-0.5794 -10.3
-0.57915 -10.3
-0.57891 -10.3
-0.57866 -10.3
-0.57842 -10.2
-0.57817 -10.1
-0.57793 -10.0
-0.57769 -9.9
-0.57744 -9.7
-0.5772 -9.5
-0.57695 -9.3
-0.57671 -9.1
-0.57647 -8.8
-0.57622 -8.6
-0.57598 -8.3
-0.57573 -7.9
-0.57549 -7.6
-0.57524 -7.2
-0.575 -6.9
-0.57476 -6.5
-0.57451 -6.0
-0.57427 -5.6
-0.57402 -5.2
-0.57378 -4.7
-0.57354 -4.2
-0.57329 -3.8
-0.57305 -3.3
-0.5728 -2.8
-0.57256 -2.3
-0.57232 -1.8
-0.57207 -1.2
-0.57183 -0.7
-0.57158 -0.2
-0.57134 0.3
-0.57109 0.8
-0.57085 1.4
-0.57061 1.9
-0.57036 2.4
-0.57012 2.9
-0.56987 3.4
-0.56963 3.9
-0.56939 4.4
-0.56914 4.8
-0.5689 5.3
-0.56865 5.7
-0.56841 6.2
-0.56816 6.6
-0.56792 7.0
-0.56768 7.4
-0.56743 7.7
-0.56719 8.1
-0.56694 8.4
-0.5667 8.7
-0.56646 9.0
-0.56621 9.2
-0.56597 9.4
-0.56572 9.6
-0.56548 9.8
-0.56524 10.0
-0.56499 10.1
-0.56475 10.2
-0.5645 10.3
-0.56426 10.4
-0.56401 10.4
-0.56377 10.4
-0.56353 10.4
-0.56328 10.3
-0.56304 10.2
-0.56279 10.1
-0.56255 10.0
-0.56231 9.9
-0.56206 9.7
-0.56182 9.5
-0.56157 9.2
-0.56133 9.0
-0.56108 8.7
-0.56084 8.4
-0.5606 8.1
-0.56035 7.7
-0.56011 7.4
-0.55986 7.0
-0.55962 6.6
-0.55938 6.2
-0.55913 5.8
-0.55889 5.3
-0.55864 4.8
-0.5584 4.4
-0.55816 3.9
-0.55791 3.4
-0.55767 2.9
-0.55742 2.4
-0.55718 1.9
-0.55693 1.3
-0.55669 0.8
-0.55645 0.3
-0.5562 -0.3
-0.55596 -0.8
-0.55571 -1.3
-0.55547 -1.8
-0.55523 -2.4
-0.55498 -2.9
-0.55474 -3.4
-0.55449 -3.9
-0.55425 -4.4
-0.554 -4.8
-0.55376 -5.3
-0.55352 -5.8
-0.55327 -6.2
-0.55303 -6.6
-0.55278 -7.0
-0.55254 -7.4
-0.5523 -7.8
-0.55205 -8.1
-0.55181 -8.4
-0.55156 -8.7
-0.55132 -9.0
-0.55107 -9.3
-0.55083 -9.5
-0.55059 -9.7
-0.55034 -9.9
-0.5501 -10.1
-0.54985 -10.2
-0.54961 -10.3
-0.54937 -10.4
-0.54912 -10.4
-0.54888 -10.5
-0.54863 -10.5
-0.54839 -10.4
-0.54815 -10.4
-0.5479 -10.3
-0.54766 -10.2
-0.54741 -10.0
-0.54717 -9.9
-0.54692 -9.7
-0.54668 -9.5
-0.54644 -9.2
-0.54619 -9.0
-0.54595 -8.7
-0.5457 -8.4
-0.54546 -8.0
-0.54522 -7.7
-0.54497 -7.3
-0.54473 -6.9
-0.54448 -6.5
-0.54424 -6.1
-0.54399 -5.6
-0.54375 -5.2
-0.54351 -4.7
-0.54326 -4.2
-0.54302 -3.7
-0.54277 -3.2
-0.54253 -2.7
-0.54229 -2.2
-0.54204 -1.7
-0.5418 -1.1
-0.54155 -0.6
-0.54131 0.0
-0.54107 0.5
-0.54082 1.0
-0.54058 1.6
-0.54033 2.1
-0.54009 2.6
-0.53984 3.1
-0.5396 3.6
-0.53936 4.1
-0.53911 4.6
-0.53887 5.1
-0.53862 5.6
-0.53838 6.0
-0.53814 6.5
-0.53789 6.9
-0.53765 7.3
-0.5374 7.7
-0.53716 8.0
-0.53691 8.4
-0.53667 8.7
-0.53643 9.0
-0.53618 9.2
-0.53594 9.5
-0.53569 9.7
-0.53545 9.9
-0.53521 10.1
-0.53496 10.2
-0.53472 10.3
-0.53447 10.4
-0.53423 10.5
-0.53399 10.5
-0.53374 10.5
-0.5335 10.5
-0.53325 10.5
-0.53301 10.4
-0.53276 10.3
-0.53252 10.1
-0.53228 10.0
-0.53203 9.8
-0.53179 9.6
-0.53154 9.3
-0.5313 9.1
-0.53106 8.8
-0.53081 8.5
-0.53057 8.1
-0.53032 7.8
-0.53008 7.4
-0.52983 7.0
-0.52959 6.6
-0.52935 6.2
-0.5291 5.7
-0.52886 5.2
-0.52861 4.8
-0.52837 4.3
-0.52813 3.8
-0.52788 3.3
-0.52764 2.7
-0.52739 2.2
-0.52715 1.7
-0.52691 1.1
-0.52666 0.6
-0.52642 0.0
-0.52617 -0.5
-0.52593 -1.1
-0.52568 -1.6
-0.52544 -2.1
-0.5252 -2.7
-0.52495 -3.2
-0.52471 -3.7
-0.52446 -4.2
-0.52422 -4.7
-0.52398 -5.2
-0.52373 -5.7
-0.52349 -6.1
-0.52324 -6.6
-0.523 -7.0
-0.52275 -7.4
-0.52251 -7.8
-0.52227 -8.1
-0.52202 -8.5
-0.52178 -8.8
-0.52153 -9.1
-0.52129 -9.4
-0.52105 -9.6
-0.5208 -9.8
-0.52056 -10.0
-0.52031 -10.2
-0.52007 -10.3
-0.51982 -10.4
-0.51958 -10.5
-0.51934 -10.6
-0.51909 -10.6
-0.51885 -10.6
-0.5186 -10.6
-0.51836 -10.5
-0.51812 -10.4
-0.51787 -10.3
-0.51763 -10.1
-0.51738 -10.0
-0.51714 -9.8
-0.5169 -9.5
-0.51665 -9.3
-0.51641 -9.0
-0.51616 -8.7
-0.51592 -8.4
-0.51567 -8.0
-0.51543 -7.7
-0.51519 -7.3
-0.51494 -6.9
-0.5147 -6.4
-0.51445 -6.0
-0.51421 -5.5
-0.51397 -5.0
-0.51372 -4.5
-0.51348 -4.0
-0.51323 -3.5
-0.51299 -3.0
-0.51274 -2.4
-0.5125 -1.9
-0.51226 -1.4
-0.51201 -0.8
-0.51177 -0.3
-0.51152 0.3
-0.51128 0.9
-0.51104 1.4
-0.51079 2.0
-0.51055 2.5
-0.5103 3.0
-0.51006 3.6
-0.50982 4.1
-0.50957 4.6
-0.50933 5.1
-0.50908 5.6
-0.50884 6.0
-0.50859 6.5
-0.50835 6.9
-0.50811 7.3
-0.50786 7.7
-0.50762 8.1
-0.50737 8.5
-0.50713 8.8
-0.50689 9.1
-0.50664 9.4
-0.5064 9.6
-0.50615 9.9
-0.50591 10.1
-0.50566 10.2
-0.50542 10.4
-0.50518 10.5
-0.50493 10.6
-0.50469 10.6
-0.50444 10.7
-0.5042 10.7
-0.50396 10.6
-0.50371 10.6
-0.50347 10.5
-0.50322 10.4
-0.50298 10.2
-0.50274 10.0
-0.50249 9.8
-0.50225 9.6
-0.502 9.3
-0.50176 9.1
-0.50151 8.8
-0.50127 8.4
-0.50103 8.1
-0.50078 7.7
-0.50054 7.3
-0.50029 6.9
-0.50005 6.4
-0.49981 6.0
-0.49956 5.5
-0.49932 5.0
-0.49907 4.5
-0.49883 4.0
-0.49858 3.5
-0.49834 2.9
-0.4981 2.4
-0.49785 1.8
-0.49761 1.3
-0.49736 0.7
-0.49712 0.1
-0.49688 -0.4
-0.49663 -1.0
-0.49639 -1.6
-0.49614 -2.1
-0.4959 -2.7
-0.49566 -3.2
-0.49541 -3.7
-0.49517 -4.3
-0.49492 -4.8
-0.49468 -5.3
-0.49443 -5.8
-0.49419 -6.2
-0.49395 -6.7
-0.4937 -7.1
-0.49346 -7.5
-0.49321 -7.9
-0.49297 -8.3
-0.49273 -8.7
-0.49248 -9.0
-0.49224 -9.3
-0.49199 -9.6
-0.49175 -9.8
-0.4915 -10.0
-0.49126 -10.2
-0.49102 -10.4
-0.49077 -10.5
-0.49053 -10.6
-0.49028 -10.7
-0.49004 -10.7
-0.4898 -10.7
-0.48955 -10.7
-0.48931 -10.7
-0.48906 -10.6
-0.48882 -10.5
-0.48857 -10.3
-0.48833 -10.2
-0.48809 -10.0
-0.48784 -9.8
-0.4876 -9.5
-0.48735 -9.2
-0.48711 -8.9
-0.48687 -8.6
-0.48662 -8.2
-0.48638 -7.9
-0.48613 -7.5
-0.48589 -7.1
-0.48565 -6.6
-0.4854 -6.1
-0.48516 -5.7
-0.48491 -5.2
-0.48467 -4.7
-0.48442 -4.1
-0.48418 -3.6
-0.48394 -3.1
-0.48369 -2.5
-0.48345 -2.0
-0.4832 -1.4
-0.48296 -0.8
-0.48272 -0.2
-0.48247 0.3
-0.48223 0.9
-0.48198 1.5
-0.48174 2.0
-0.48149 2.6
-0.48125 3.2
-0.48101 3.7
-0.48076 4.2
-0.48052 4.8
-0.48027 5.3
-0.48003 5.8
-0.47979 6.3
-0.47954 6.7
-0.4793 7.2
-0.47905 7.6
-0.47881 8.0
-0.47857 8.4
-0.47832 8.7
-0.47808 9.0
-0.47783 9.3
-0.47759 9.6
-0.47734 9.9
-0.4771 10.1
-0.47686 10.3
-0.47661 10.4
-0.47637 10.6
-0.47612 10.7
-0.47588 10.8
-0.47564 10.8
-0.47539 10.8
-0.47515 10.8
-0.4749 10.7
-0.47466 10.7
-0.47441 10.5
-0.47417 10.4
-0.47393 10.2
-0.47368 10.0
-0.47344 9.8
-0.47319 9.5
-0.47295 9.2
-0.47271 8.9
-0.47246 8.6
-0.47222 8.2
-0.47197 7.8
-0.47173 7.4
-0.47149 7.0
-0.47124 6.5
-0.471 6.0
-0.47075 5.6
-0.47051 5.0
-0.47026 4.5
-0.47002 4.0
-0.46978 3.4
-0.46953 2.9
-0.46929 2.3
-0.46904 1.7
-0.4688 1.2
-0.46856 0.6
-0.46831 0.0
-0.46807 -0.6
-0.46782 -1.2
-0.46758 -1.7
-0.46733 -2.3
-0.46709 -2.9
-0.46685 -3.5
-0.4666 -4.0
-0.46636 -4.5
-0.46611 -5.1
-0.46587 -5.6
-0.46563 -6.1
-0.46538 -6.6
-0.46514 -7.0
-0.46489 -7.4
-0.46465 -7.9
-0.46441 -8.3
-0.46416 -8.6
-0.46392 -9.0
-0.46367 -9.3
-0.46343 -9.6
-0.46318 -9.9
-0.46294 -10.1
-0.4627 -10.3
-0.46245 -10.5
-0.46221 -10.6
-0.46196 -10.7
-0.46172 -10.8
-0.46148 -10.9
-0.46123 -10.9
-0.46099 -10.9
-0.46074 -10.8
-0.4605 -10.7
-0.46025 -10.6
-0.46001 -10.5
-0.45977 -10.3
-0.45952 -10.1
-0.45928 -9.9
-0.45903 -9.6
-0.45879 -9.3
-0.45855 -9.0
-0.4583 -8.7
-0.45806 -8.3
-0.45781 -7.9
-0.45757 -7.5
-0.45732 -7.1
-0.45708 -6.6
-0.45684 -6.1
-0.45659 -5.6
-0.45635 -5.1
-0.4561 -4.6
-0.45586 -4.0
-0.45562 -3.5
-0.45537 -2.9
-0.45513 -2.3
-0.45488 -1.8
-0.45464 -1.2
-0.4544 -0.6
-0.45415 0.0
-0.45391 0.6
-0.45366 1.2
-0.45342 1.8
-0.45317 2.4
-0.45293 3.0
-0.45269 3.5
-0.45244 4.1
-0.4522 4.6
-0.45195 5.2
-0.45171 5.7
-0.45147 6.2
-0.45122 6.7
-0.45098 7.1
-0.45073 7.6
-0.45049 8.0
-0.45024 8.4
-0.45 8.8
-0.44976 9.1
-0.44951 9.4
-0.44927 9.7
-0.44902 10.0
-0.44878 10.2
-0.44854 10.4
-0.44829 10.6
-0.44805 10.7
-0.4478 10.8
-0.44756 10.9
-0.44732 10.9
-0.44707 11.0
-0.44683 10.9
-0.44658 10.9
-0.44634 10.8
-0.44609 10.7
-0.44585 10.5
-0.44561 10.3
-0.44536 10.1
-0.44512 9.9
-0.44487 9.6
-0.44463 9.3
-0.44439 8.9
-0.44414 8.6
-0.4439 8.2
-0.44365 7.8
-0.44341 7.3
-0.44316 6.9
-0.44292 6.4
-0.44268 5.9
-0.44243 5.4
-0.44219 4.9
-0.44194 4.3
-0.4417 3.7
-0.44146 3.2
-0.44121 2.6
-0.44097 2.0
-0.44072 1.4
-0.44048 0.8
-0.44024 0.2
-0.43999 -0.4
-0.43975 -1.0
-0.4395 -1.6
-0.43926 -2.2
-0.43901 -2.8
-0.43877 -3.4
-0.43853 -4.0
-0.43828 -4.5
-0.43804 -5.1
-0.43779 -5.6
-0.43755 -6.1
-0.43731 -6.6
-0.43706 -7.1
-0.43682 -7.5
-0.43657 -8.0
-0.43633 -8.4
-0.43608 -8.8
-0.43584 -9.1
-0.4356 -9.5
-0.43535 -9.8
-0.43511 -10.0
-0.43486 -10.3
-0.43462 -10.5
-0.43438 -10.6
-0.43413 -10.8
-0.43389 -10.9
-0.43364 -11.0
-0.4334 -11.0
-0.43316 -11.0
-0.43291 -11.0
-0.43267 -11.0
-0.43242 -10.9
-0.43218 -10.7
-0.43193 -10.6
-0.43169 -10.4
-0.43145 -10.2
-0.4312 -9.9
-0.43096 -9.6
-0.43071 -9.3
-0.43047 -9.0
-0.43023 -8.6
-0.42998 -8.2
-0.42974 -7.8
-0.42949 -7.3
-0.42925 -6.9
-0.429 -6.4
-0.42876 -5.9
-0.42852 -5.3
-0.42827 -4.8
-0.42803 -4.2
-0.42778 -3.7
-0.42754 -3.1
-0.4273 -2.5
-0.42705 -1.9
-0.42681 -1.3
-0.42656 -0.6
-0.42632 0.0
-0.42607 0.6
-0.42583 1.2
-0.42559 1.8
-0.42534 2.4
-0.4251 3.0
-0.42485 3.6
-0.42461 4.2
-0.42437 4.8
-0.42412 5.3
-0.42388 5.8
-0.42363 6.4
-0.42339 6.9
-0.42315 7.3
-0.4229 7.8
-0.42266 8.2
-0.42241 8.6
-0.42217 9.0
-0.42192 9.4
-0.42168 9.7
-0.42144 10.0
-0.42119 10.2
-0.42095 10.5
-0.4207 10.6
-0.42046 10.8
-0.42022 10.9
-0.41997 11.0
-0.41973 11.1
-0.41948 11.1
-0.41924 11.1
-0.41899 11.1
-0.41875 11.0
-0.41851 10.9
-0.41826 10.7
-0.41802 10.5
-0.41777 10.3
-0.41753 10.1
-0.41729 9.8
-0.41704 9.5
-0.4168 9.1
-0.41655 8.8
-0.41631 8.4
-0.41607 8.0
-0.41582 7.5
-0.41558 7.0
-0.41533 6.5
-0.41509 6.0
-0.41484 5.5
-0.4146 4.9
-0.41436 4.4
-0.41411 3.8
-0.41387 3.2
-0.41362 2.6
-0.41338 2.0
-0.41314 1.3
-0.41289 0.7
-0.41265 0.0
-0.4124 -0.5
-0.41216 -1.2
-0.41191 -1.8
-0.41167 -2.4
-0.41143 -3.0
-0.41118 -3.6
-0.41094 -4.2
-0.41069 -4.8
-0.41045 -5.3
-0.41021 -5.9
-0.40996 -6.4
-0.40972 -6.9
-0.40947 -7.4
-0.40923 -7.9
-0.40899 -8.3
-0.40874 -8.7
-0.4085 -9.1
-0.40825 -9.5
-0.40801 -9.8
-0.40776 -10.1
-0.40752 -10.3
-0.40728 -10.6
-0.40703 -10.8
-0.40679 -10.9
-0.40654 -11.0
-0.4063 -11.1
-0.40606 -11.2
-0.40581 -11.2
-0.40557 -11.2
-0.40532 -11.1
-0.40508 -11.0
-0.40483 -10.9
-0.40459 -10.8
-0.40435 -10.6
-0.4041 -10.3
-0.40386 -10.1
-0.40361 -9.8
-0.40337 -9.4
-0.40313 -9.1
-0.40288 -8.7
-0.40264 -8.3
-0.40239 -7.8
-0.40215 -7.4
-0.40191 -6.9
-0.40166 -6.4
-0.40142 -5.8
-0.40117 -5.3
-0.40093 -4.7
-0.40068 -4.1
-0.40044 -3.5
-0.4002 -2.9
-0.39995 -2.3
-0.39971 -1.7
-0.39946 -1.0
-0.39922 -0.4
-0.39898 0.2
-0.39873 0.9
-0.39849 1.5
-0.39824 2.2
-0.398 2.8
-0.39775 3.4
-0.39751 4.0
-0.39727 4.6
-0.39702 5.2
-0.39678 5.7
-0.39653 6.3
-0.39629 6.8
-0.39605 7.3
-0.3958 7.8
-0.39556 8.2
-0.39531 8.7
-0.39507 9.1
-0.39482 9.4
-0.39458 9.8
-0.39434 10.1
-0.39409 10.4
-0.39385 10.6
-0.3936 10.8
-0.39336 11.0
-0.39312 11.1
-0.39287 11.2
-0.39263 11.3
-0.39238 11.3
-0.39214 11.3
-0.3919 11.2
-0.39165 11.1
-0.39141 11.0
-0.39116 10.9
-0.39092 10.7
-0.39067 10.4
-0.39043 10.2
-0.39019 9.9
-0.38994 9.5
-0.3897 9.2
-0.38945 8.8
-0.38921 8.4
-0.38897 7.9
-0.38872 7.4
-0.38848 6.9
-0.38823 6.4
-0.38799 5.9
-0.38774 5.3
-0.3875 4.7
-0.38726 4.1
-0.38701 3.5
-0.38677 2.9
-0.38652 2.2
-0.38628 1.6
-0.38604 0.9
-0.38579 0.3
-0.38555 -0.4
-0.3853 -1.0
-0.38506 -1.7
-0.38482 -2.3
-0.38457 -2.9
-0.38433 -3.6
-0.38408 -4.2
-0.38384 -4.8
-0.38359 -5.4
-0.38335 -5.9
-0.38311 -6.5
-0.38286 -7.0
-0.38262 -7.5
-0.38237 -8.0
-0.38213 -8.5
-0.38189 -8.9
-0.38164 -9.3
-0.3814 -9.6
-0.38115 -10.0
-0.38091 -10.3
-0.38066 -10.5
-0.38042 -10.8
-0.38018 -11.0
-0.37993 -11.1
-0.37969 -11.2
-0.37944 -11.3
-0.3792 -11.4
-0.37896 -11.4
-0.37871 -11.3
-0.37847 -11.3
-0.37822 -11.2
-0.37798 -11.0
-0.37774 -10.8
-0.37749 -10.6
-0.37725 -10.4
-0.377 -10.1
-0.37676 -9.7
-0.37651 -9.4
-0.37627 -9.0
-0.37603 -8.6
-0.37578 -8.1
-0.37554 -7.6
-0.37529 -7.1
-0.37505 -6.6
-0.37481 -6.1
-0.37456 -5.5
-0.37432 -4.9
-0.37407 -4.3
-0.37383 -3.7
-0.37358 -3.0
-0.37334 -2.4
-0.3731 -1.7
-0.37285 -1.1
-0.37261 -0.4
-0.37236 0.2
-0.37212 0.9
-0.37188 1.6
-0.37163 2.2
-0.37139 2.9
-0.37114 3.5
-0.3709 4.1
-0.37066 4.8
-0.37041 5.4
-0.37017 5.9
-0.36992 6.5
-0.36968 7.0
-0.36943 7.6
-0.36919 8.1
-0.36895 8.5
-0.3687 8.9
-0.36846 9.4
-0.36821 9.7
-0.36797 10.1
-0.36773 10.4
-0.36748 10.6
-0.36724 10.9
-0.36699 11.1
-0.36675 11.2
-0.3665 11.3
-0.36626 11.4
-0.36602 11.5
-0.36577 11.5
-0.36553 11.4
-0.36528 11.3
-0.36504 11.2
-0.3648 11.1
-0.36455 10.9
-0.36431 10.6
-0.36406 10.4
-0.36382 10.1
-0.36357 9.7
-0.36333 9.4
-0.36309 9.0
-0.36284 8.5
-0.3626 8.0
-0.36235 7.6
-0.36211 7.0
-0.36187 6.5
-0.36162 5.9
-0.36138 5.3
-0.36113 4.7
-0.36089 4.1
-0.36065 3.5
-0.3604 2.8
-0.36016 2.1
-0.35991 1.5
-0.35967 0.8
-0.35942 0.1
-0.35918 -0.6
-0.35894 -1.2
-0.35869 -1.9
-0.35845 -2.6
-0.3582 -3.2
-0.35796 -3.9
-0.35772 -4.5
-0.35747 -5.1
-0.35723 -5.7
-0.35698 -6.3
-0.35674 -6.9
-0.35649 -7.4
-0.35625 -7.9
-0.35601 -8.4
-0.35576 -8.9
-0.35552 -9.3
-0.35527 -9.7
-0.35503 -10.0
-0.35479 -10.4
-0.35454 -10.6
-0.3543 -10.9
-0.35405 -11.1
-0.35381 -11.3
-0.35357 -11.4
-0.35332 -11.5
-0.35308 -11.5
-0.35283 -11.6
-0.35259 -11.5
-0.35234 -11.5
-0.3521 -11.3
-0.35186 -11.2
-0.35161 -11.0
-0.35137 -10.8
-0.35112 -10.5
-0.35088 -10.2
-0.35064 -9.8
-0.35039 -9.5
-0.35015 -9.0
-0.3499 -8.6
-0.34966 -8.1
-0.34941 -7.6
-0.34917 -7.1
-0.34893 -6.5
-0.34868 -6.0
-0.34844 -5.4
-0.34819 -4.7
-0.34795 -4.1
-0.34771 -3.4
-0.34746 -2.8
-0.34722 -2.1
-0.34697 -1.4
-0.34673 -0.7
-0.34649 0.0
-0.34624 0.7
-0.346 1.4
-0.34575 2.0
-0.34551 2.7
-0.34526 3.4
-0.34502 4.1
-0.34478 4.7
-0.34453 5.3
-0.34429 5.9
-0.34404 6.5
-0.3438 7.1
-0.34356 7.6
-0.34331 8.1
-0.34307 8.6
-0.34282 9.1
-0.34258 9.5
-0.34233 9.9
-0.34209 10.2
-0.34185 10.6
-0.3416 10.8
-0.34136 11.1
-0.34111 11.3
-0.34087 11.4
-0.34063 11.5
-0.34038 11.6
-0.34014 11.6
-0.33989 11.6
-0.33965 11.6
-0.33941 11.5
-0.33916 11.4
-0.33892 11.2
-0.33867 11.0
-0.33843 10.7
-0.33818 10.4
-0.33794 10.1
-0.3377 9.7
-0.33745 9.3
-0.33721 8.9
-0.33696 8.4
-0.33672 7.9
-0.33648 7.3
-0.33623 6.8
-0.33599 6.2
-0.33574 5.6
-0.3355 5.0
-0.33525 4.3
-0.33501 3.6
-0.33477 3.0
-0.33452 2.3
-0.33428 1.6
-0.33403 0.9
-0.33379 0.2
-0.33355 -0.5
-0.3333 -1.2
-0.33306 -1.9
-0.33281 -2.6
-0.33257 -3.3
-0.33232 -4.0
-0.33208 -4.7
-0.33184 -5.3
-0.33159 -5.9
-0.33135 -6.5
-0.3311 -7.1
-0.33086 -7.7
-0.33062 -8.2
-0.33037 -8.7
-0.33013 -9.2
-0.32988 -9.6
-0.32964 -10.0
-0.3294 -10.3
-0.32915 -10.7
-0.32891 -10.9
-0.32866 -11.2
-0.32842 -11.4
-0.32817 -11.5
-0.32793 -11.7
-0.32769 -11.7
-0.32744 -11.7
-0.3272 -11.7
-0.32695 -11.7
-0.32671 -11.6
-0.32647 -11.4
-0.32622 -11.2
-0.32598 -11.0
-0.32573 -10.7
-0.32549 -10.4
-0.32524 -10.1
-0.325 -9.7
-0.32476 -9.3
-0.32451 -8.8
-0.32427 -8.3
-0.32402 -7.8
-0.32378 -7.2
-0.32354 -6.6
-0.32329 -6.0
-0.32305 -5.4
-0.3228 -4.8
-0.32256 -4.1
-0.32232 -3.4
-0.32207 -2.7
-0.32183 -2.0
-0.32158 -1.3
-0.32134 -0.6
-0.32109 0.2
-0.32085 0.9
-0.32061 1.6
-0.32036 2.3
-0.32012 3.0
-0.31987 3.7
-0.31963 4.4
-0.31939 5.1
-0.31914 5.7
-0.3189 6.3
-0.31865 6.9
-0.31841 7.5
-0.31816 8.1
-0.31792 8.6
-0.31768 9.1
-0.31743 9.5
-0.31719 9.9
-0.31694 10.3
-0.3167 10.7
-0.31646 11.0
-0.31621 11.2
-0.31597 11.4
-0.31572 11.6
-0.31548 11.7
-0.31524 11.8
-0.31499 11.8
-0.31475 11.8
-0.3145 11.8
-0.31426 11.7
-0.31401 11.6
-0.31377 11.4
-0.31353 11.1
-0.31328 10.9
-0.31304 10.5
-0.31279 10.2
-0.31255 9.8
-0.31231 9.4
-0.31206 8.9
-0.31182 8.4
-0.31157 7.9
-0.31133 7.3
-0.31108 6.7
-0.31084 6.1
-0.3106 5.4
-0.31035 4.8
-0.31011 4.1
-0.30986 3.4
-0.30962 2.7
-0.30938 1.9
-0.30913 1.2
-0.30889 0.5
-0.30864 -0.3
-0.3084 -1.0
-0.30816 -1.7
-0.30791 -2.5
-0.30767 -3.2
-0.30742 -3.9
-0.30718 -4.6
-0.30693 -5.3
-0.30669 -5.9
-0.30645 -6.6
-0.3062 -7.2
-0.30596 -7.8
-0.30571 -8.3
-0.30547 -8.8
-0.30523 -9.3
-0.30498 -9.8
-0.30474 -10.2
-0.30449 -10.5
-0.30425 -10.9
-0.304 -11.2
-0.30376 -11.4
-0.30352 -11.6
-0.30327 -11.8
-0.30303 -11.9
-0.30278 -11.9
-0.30254 -12.0
-0.3023 -11.9
-0.30205 -11.9
-0.30181 -11.7
-0.30156 -11.6
-0.30132 -11.3
-0.30107 -11.1
-0.30083 -10.8
-0.30059 -10.4
-0.30034 -10.0
-0.3001 -9.6
-0.29985 -9.1
-0.29961 -8.6
-0.29937 -8.1
-0.29912 -7.5
-0.29888 -6.9
-0.29863 -6.3
-0.29839 -5.7
-0.29815 -5.0
-0.2979 -4.3
-0.29766 -3.6
-0.29741 -2.8
-0.29717 -2.1
-0.29692 -1.4
-0.29668 -0.6
-0.29644 0.2
-0.29619 0.9
-0.29595 1.7
-0.2957 2.4
-0.29546 3.1
-0.29522 3.9
-0.29497 4.6
-0.29473 5.3
-0.29448 6.0
-0.29424 6.6
-0.29399 7.2
-0.29375 7.8
-0.29351 8.4
-0.29326 8.9
-0.29302 9.4
-0.29277 9.9
-0.29253 10.3
-0.29229 10.7
-0.29204 11.0
-0.2918 11.3
-0.29155 11.5
-0.29131 11.7
-0.29107 11.9
-0.29082 12.0
-0.29058 12.1
-0.29033 12.1
-0.29009 12.0
-0.28984 11.9
-0.2896 11.8
-0.28936 11.6
-0.28911 11.4
-0.28887 11.1
-0.28862 10.8
-0.28838 10.4
-0.28814 10.0
-0.28789 9.6
-0.28765 9.1
-0.2874 8.5
-0.28716 8.0
-0.28691 7.4
-0.28667 6.8
-0.28643 6.1
-0.28618 5.4
-0.28594 4.7
-0.28569 4.0
-0.28545 3.3
-0.28521 2.5
-0.28496 1.7
-0.28472 1.0
-0.28447 0.2
-0.28423 -0.6
-0.28399 -1.3
-0.28374 -2.1
-0.2835 -2.9
-0.28325 -3.6
-0.28301 -4.4
-0.28276 -5.1
-0.28252 -5.8
-0.28228 -6.4
-0.28203 -7.1
-0.28179 -7.7
-0.28154 -8.3
-0.2813 -8.9
-0.28106 -9.4
-0.28081 -9.9
-0.28057 -10.3
-0.28032 -10.7
-0.28008 -11.0
-0.27983 -11.4
-0.27959 -11.6
-0.27935 -11.8
-0.2791 -12.0
-0.27886 -12.1
-0.27861 -12.2
-0.27837 -12.2
-0.27813 -12.1
-0.27788 -12.1
-0.27764 -11.9
-0.27739 -11.7
-0.27715 -11.5
-0.27691 -11.2
-0.27666 -10.9
-0.27642 -10.5
-0.27617 -10.1
-0.27593 -9.6
-0.27568 -9.1
-0.27544 -8.6
-0.2752 -8.0
-0.27495 -7.4
-0.27471 -6.7
-0.27446 -6.1
-0.27422 -5.4
-0.27398 -4.7
-0.27373 -3.9
-0.27349 -3.2
-0.27324 -2.4
-0.273 -1.6
-0.27275 -0.8
-0.27251 0.0
-0.27227 0.8
-0.27202 1.6
-0.27178 2.3
-0.27153 3.1
-0.27129 3.9
-0.27105 4.6
-0.2708 5.4
-0.27056 6.1
-0.27031 6.8
-0.27007 7.4
-0.26982 8.0
-0.26958 8.6
-0.26934 9.2
-0.26909 9.7
-0.26885 10.2
-0.2686 10.6
-0.26836 11.0
-0.26812 11.3
-0.26787 11.6
-0.26763 11.8
-0.26738 12.0
-0.26714 12.2
-0.2669 12.3
-0.26665 12.3
-0.26641 12.3
-0.26616 12.2
-0.26592 12.1
-0.26567 11.9
-0.26543 11.7
-0.26519 11.4
-0.26494 11.1
-0.2647 10.7
-0.26445 10.3
-0.26421 9.8
-0.26397 9.3
-0.26372 8.8
-0.26348 8.2
-0.26323 7.6
-0.26299 6.9
-0.26274 6.3
-0.2625 5.5
-0.26226 4.8
-0.26201 4.1
-0.26177 3.3
-0.26152 2.5
-0.26128 1.7
-0.26104 0.9
-0.26079 0.0
-0.26055 -0.8
-0.2603 -1.6
-0.26006 -2.4
-0.25982 -3.2
-0.25957 -3.9
-0.25933 -4.7
-0.25908 -5.5
-0.25884 -6.2
-0.25859 -6.9
-0.25835 -7.5
-0.25811 -8.2
-0.25786 -8.8
-0.25762 -9.3
-0.25737 -9.9
-0.25713 -10.3
-0.25689 -10.8
-0.25664 -11.2
-0.2564 -11.5
-0.25615 -11.8
-0.25591 -12.0
-0.25566 -12.2
-0.25542 -12.3
-0.25518 -12.4
-0.25493 -12.4
-0.25469 -12.4
-0.25444 -12.3
-0.2542 -12.2
-0.25396 -12.0
-0.25371 -11.7
-0.25347 -11.4
-0.25322 -11.1
-0.25298 -10.7
-0.25274 -10.2
-0.25249 -9.7
-0.25225 -9.2
-0.252 -8.6
-0.25176 -8.0
-0.25151 -7.3
-0.25127 -6.6
-0.25103 -5.9
-0.25078 -5.2
-0.25054 -4.4
-0.25029 -3.6
-0.25005 -2.8
-0.24981 -2.0
-0.24956 -1.2
-0.24932 -0.3
-0.24907 0.5
-0.24883 1.3
-0.24858 2.2
-0.24834 3.0
-0.2481 3.8
-0.24785 4.6
-0.24761 5.3
-0.24736 6.1
-0.24712 6.8
-0.24688 7.5
-0.24663 8.2
-0.24639 8.8
-0.24614 9.4
-0.2459 9.9
-0.24566 10.4
-0.24541 10.8
-0.24517 11.2
-0.24492 11.6
-0.24468 11.9
-0.24443 12.1
-0.24419 12.3
-0.24395 12.5
-0.2437 12.5
-0.24346 12.6
-0.24321 12.5
-0.24297 12.4
-0.24273 12.3
-0.24248 12.1
-0.24224 11.8
-0.24199 11.5
-0.24175 11.1
-0.2415 10.7
-0.24126 10.2
-0.24102 9.7
-0.24077 9.1
-0.24053 8.5
-0.24028 7.9
-0.24004 7.2
-0.2398 6.5
-0.23955 5.8
-0.23931 5.0
-0.23906 4.2
-0.23882 3.4
-0.23857 2.6
-0.23833 1.7
-0.23809 0.9
-0.23784 0.0
-0.2376 -0.9
-0.23735 -1.7
-0.23711 -2.6
-0.23687 -3.4
-0.23662 -4.2
-0.23638 -5.0
-0.23613 -5.8
-0.23589 -6.5
-0.23565 -7.3
-0.2354 -8.0
-0.23516 -8.6
-0.23491 -9.2
-0.23467 -9.8
-0.23442 -10.3
-0.23418 -10.8
-0.23394 -11.2
-0.23369 -11.6
-0.23345 -11.9
-0.2332 -12.2
-0.23296 -12.4
-0.23272 -12.6
-0.23247 -12.7
-0.23223 -12.7
-0.23198 -12.7
-0.23174 -12.6
-0.23149 -12.4
-0.23125 -12.2
-0.23101 -12.0
-0.23076 -11.7
-0.23052 -11.3
-0.23027 -10.9
-0.23003 -10.4
-0.22979 -9.8
-0.22954 -9.3
-0.2293 -8.7
-0.22905 -8.0
-0.22881 -7.3
-0.22857 -6.6
-0.22832 -5.8
-0.22808 -5.0
-0.22783 -4.2
-0.22759 -3.3
-0.22734 -2.5
-0.2271 -1.6
-0.22686 -0.7
-0.22661 0.1
-0.22637 1.0
-0.22612 1.9
-0.22588 2.8
-0.22564 3.6
-0.22539 4.5
-0.22515 5.3
-0.2249 6.1
-0.22466 6.8
-0.22441 7.6
-0.22417 8.3
-0.22393 8.9
-0.22368 9.5
-0.22344 10.1
-0.22319 10.6
-0.22295 11.1
-0.22271 11.5
-0.22246 11.9
-0.22222 12.2
-0.22197 12.4
-0.22173 12.6
-0.22149 12.8
-0.22124 12.8
-0.221 12.8
-0.22075 12.8
-0.22051 12.6
-0.22026 12.5
-0.22002 12.2
-0.21978 11.9
-0.21953 11.5
-0.21929 11.1
-0.21904 10.7
-0.2188 10.1
-0.21856 9.6
-0.21831 8.9
-0.21807 8.3
-0.21782 7.6
-0.21758 6.8
-0.21733 6.0
-0.21709 5.2
-0.21685 4.4
-0.2166 3.5
-0.21636 2.6
-0.21611 1.8
-0.21587 0.9
-0.21563 0.0
-0.21538 -1.0
-0.21514 -1.9
-0.21489 -2.8
-0.21465 -3.6
-0.21441 -4.5
-0.21416 -5.3
-0.21392 -6.2
-0.21367 -6.9
-0.21343 -7.7
-0.21318 -8.4
-0.21294 -9.1
-0.2127 -9.7
-0.21245 -10.3
-0.21221 -10.8
-0.21196 -11.3
-0.21172 -11.7
-0.21148 -12.1
-0.21123 -12.4
-0.21099 -12.6
-0.21074 -12.8
-0.2105 -12.9
-0.21025 -13.0
-0.21001 -13.0
-0.20977 -12.9
-0.20952 -12.7
-0.20928 -12.5
-0.20903 -12.2
-0.20879 -11.9
-0.20855 -11.5
-0.2083 -11.1
-0.20806 -10.5
-0.20781 -10.0
-0.20757 -9.4
-0.20732 -8.7
-0.20708 -8.0
-0.20684 -7.2
-0.20659 -6.5
-0.20635 -5.6
-0.2061 -4.8
-0.20586 -3.9
-0.20562 -3.0
-0.20537 -2.1
-0.20513 -1.2
-0.20488 -0.3
-0.20464 0.7
-0.2044 1.6
-0.20415 2.5
-0.20391 3.4
-0.20366 4.3
-0.20342 5.2
-0.20317 6.1
-0.20293 6.9
-0.20269 7.6
-0.20244 8.4
-0.2022 9.1
-0.20195 9.7
-0.20171 10.3
-0.20147 10.9
-0.20122 11.4
-0.20098 11.8
-0.20073 12.2
-0.20049 12.5
-0.20024 12.8
-0.2 13.0
-0.19976 13.1
-0.19951 13.1
-0.19927 13.1
-0.19902 13.0
-0.19878 12.9
-0.19854 12.6
-0.19829 12.3
-0.19805 12.0
-0.1978 11.6
-0.19756 11.1
-0.19732 10.6
-0.19707 10.0
-0.19683 9.3
-0.19658 8.6
-0.19634 7.9
-0.19609 7.1
-0.19585 6.3
-0.19561 5.4
-0.19536 4.5
-0.19512 3.6
-0.19487 2.7
-0.19463 1.8
-0.19439 0.8
-0.19414 -0.2
-0.1939 -1.1
-0.19365 -2.1
-0.19341 -3.0
-0.19316 -4.0
-0.19292 -4.9
-0.19268 -5.7
-0.19243 -6.6
-0.19219 -7.4
-0.19194 -8.2
-0.1917 -8.9
-0.19146 -9.6
-0.19121 -10.3
-0.19097 -10.9
-0.19072 -11.4
-0.19048 -11.9
-0.19024 -12.3
-0.18999 -12.6
-0.18975 -12.9
-0.1895 -13.1
-0.18926 -13.2
-0.18901 -13.3
-0.18877 -13.3
-0.18853 -13.2
-0.18828 -13.0
-0.18804 -12.8
-0.18779 -12.5
-0.18755 -12.2
-0.18731 -11.7
-0.18706 -11.2
-0.18682 -10.7
-0.18657 -10.1
-0.18633 -9.4
-0.18608 -8.7
-0.18584 -7.9
-0.1856 -7.1
-0.18535 -6.3
-0.18511 -5.4
-0.18486 -4.5
-0.18462 -3.5
-0.18438 -2.6
-0.18413 -1.6
-0.18389 -0.6
-0.18364 0.4
-0.1834 1.4
-0.18316 2.4
-0.18291 3.3
-0.18267 4.3
-0.18242 5.2
-0.18218 6.1
-0.18193 7.0
-0.18169 7.8
-0.18145 8.6
-0.1812 9.4
-0.18096 10.1
-0.18071 10.7
-0.18047 11.3
-0.18023 11.8
-0.17998 12.2
-0.17974 12.6
-0.17949 12.9
-0.17925 13.2
-0.179 13.3
-0.17876 13.4
-0.17852 13.4
-0.17827 13.4
-0.17803 13.3
-0.17778 13.0
-0.17754 12.8
-0.1773 12.4
-0.17705 12.0
-0.17681 11.5
-0.17656 10.9
-0.17632 10.3
-0.17607 9.6
-0.17583 8.9
-0.17559 8.1
-0.17534 7.3
-0.1751 6.4
-0.17485 5.5
-0.17461 4.6
-0.17437 3.6
-0.17412 2.6
-0.17388 1.6
-0.17363 0.6
-0.17339 -0.5
-0.17315 -1.5
-0.1729 -2.5
-0.17266 -3.5
-0.17241 -4.5
-0.17217 -5.4
-0.17192 -6.4
-0.17168 -7.2
-0.17144 -8.1
-0.17119 -8.9
-0.17095 -9.7
-0.1707 -10.4
-0.17046 -11.0
-0.17022 -11.6
-0.16997 -12.1
-0.16973 -12.5
-0.16948 -12.9
-0.16924 -13.2
-0.16899 -13.4
-0.16875 -13.6
-0.16851 -13.6
-0.16826 -13.6
-0.16802 -13.5
-0.16777 -13.3
-0.16753 -13.1
-0.16729 -12.7
-0.16704 -12.3
-0.1668 -11.9
-0.16655 -11.3
-0.16631 -10.7
-0.16607 -10.0
-0.16582 -9.3
-0.16558 -8.5
-0.16533 -7.6
-0.16509 -6.7
-0.16484 -5.8
-0.1646 -4.8
-0.16436 -3.9
-0.16411 -2.8
-0.16387 -1.8
-0.16362 -0.7
-0.16338 0.3
-0.16314 1.4
-0.16289 2.4
-0.16265 3.5
-0.1624 4.5
-0.16216 5.5
-0.16191 6.4
-0.16167 7.4
-0.16143 8.2
-0.16118 9.1
-0.16094 9.8
-0.16069 10.6
-0.16045 11.2
-0.16021 11.8
-0.15996 12.3
-0.15972 12.8
-0.15947 13.1
-0.15923 13.4
-0.15899 13.6
-0.15874 13.8
-0.1585 13.8
-0.15825 13.8
-0.15801 13.6
-0.15776 13.4
-0.15752 13.1
-0.15728 12.8
-0.15703 12.3
-0.15679 11.8
-0.15654 11.2
-0.1563 10.5
-0.15606 9.8
-0.15581 9.0
-0.15557 8.2
-0.15532 7.3
-0.15508 6.3
-0.15483 5.3
-0.15459 4.3
-0.15435 3.3
-0.1541 2.2
-0.15386 1.1
-0.15361 0.0
-0.15337 -1.1
-0.15313 -2.2
-0.15288 -3.3
-0.15264 -4.3
-0.15239 -5.3
-0.15215 -6.3
-0.15191 -7.3
-0.15166 -8.2
-0.15142 -9.1
-0.15117 -9.9
-0.15093 -10.7
-0.15068 -11.3
-0.15044 -12.0
-0.1502 -12.5
-0.14995 -13.0
-0.14971 -13.3
-0.14946 -13.6
-0.14922 -13.8
-0.14898 -14.0
-0.14873 -14.0
-0.14849 -13.9
-0.14824 -13.8
-0.148 -13.6
-0.14775 -13.3
-0.14751 -12.9
-0.14727 -12.4
-0.14702 -11.8
-0.14678 -11.2
-0.14653 -10.5
-0.14629 -9.7
-0.14605 -8.8
-0.1458 -7.9
-0.14556 -7.0
-0.14531 -6.0
-0.14507 -4.9
-0.14482 -3.9
-0.14458 -2.8
-0.14434 -1.7
-0.14409 -0.5
-0.14385 0.6
-0.1436 1.7
-0.14336 2.9
-0.14312 4.0
-0.14287 5.0
-0.14263 6.1
-0.14238 7.1
-0.14214 8.1
-0.1419 9.0
-0.14165 9.8
-0.14141 10.6
-0.14116 11.4
-0.14092 12.0
-0.14067 12.6
-0.14043 13.1
-0.14019 13.5
-0.13994 13.8
-0.1397 14.0
-0.13945 14.2
-0.13921 14.2
-0.13897 14.2
-0.13872 14.0
-0.13848 13.8
-0.13823 13.4
-0.13799 13.0
-0.13774 12.5
-0.1375 11.9
-0.13726 11.2
-0.13701 10.5
-0.13677 9.7
-0.13652 8.8
-0.13628 7.8
-0.13604 6.8
-0.13579 5.8
-0.13555 4.7
-0.1353 3.6
-0.13506 2.4
-0.13482 1.3
-0.13457 0.0
-0.13433 -1.1
-0.13408 -2.3
-0.13384 -3.4
-0.13359 -4.6
-0.13335 -5.7
-0.13311 -6.8
-0.13286 -7.8
-0.13262 -8.8
-0.13237 -9.7
-0.13213 -10.5
-0.13189 -11.3
-0.13164 -12.0
-0.1314 -12.6
-0.13115 -13.2
-0.13091 -13.6
-0.13066 -14.0
-0.13042 -14.2
-0.13018 -14.4
-0.12993 -14.4
-0.12969 -14.4
-0.12944 -14.2
-0.1292 -14.0
-0.12896 -13.7
-0.12871 -13.2
-0.12847 -12.7
-0.12822 -12.1
-0.12798 -11.4
-0.12774 -10.6
-0.12749 -9.7
-0.12725 -8.8
-0.127 -7.8
-0.12676 -6.8
-0.12651 -5.7
-0.12627 -4.5
-0.12603 -3.4
-0.12578 -2.2
-0.12554 -0.9
-0.12529 0.3
-0.12505 1.5
-0.12481 2.7
-0.12456 3.9
-0.12432 5.1
-0.12407 6.2
-0.12383 7.3
-0.12358 8.4
-0.12334 9.4
-0.1231 10.3
-0.12285 11.1
-0.12261 11.9
-0.12236 12.6
-0.12212 13.2
-0.12188 13.7
-0.12163 14.1
-0.12139 14.4
-0.12114 14.6
-0.1209 14.7
-0.12066 14.6
-0.12041 14.5
-0.12017 14.3
-0.11992 14.0
-0.11968 13.5
-0.11943 13.0
-0.11919 12.3
-0.11895 11.6
-0.1187 10.8
-0.11846 9.9
-0.11821 9.0
-0.11797 7.9
-0.11773 6.8
-0.11748 5.7
-0.11724 4.5
-0.11699 3.3
-0.11675 2.0
-0.1165 0.7
-0.11626 -0.5
-0.11602 -1.8
-0.11577 -3.1
-0.11553 -4.3
-0.11528 -5.5
-0.11504 -6.7
-0.1148 -7.8
-0.11455 -8.9
-0.11431 -9.9
-0.11406 -10.8
-0.11382 -11.7
-0.11357 -12.4
-0.11333 -13.1
-0.11309 -13.7
-0.11284 -14.1
-0.1126 -14.5
-0.11235 -14.8
-0.11211 -14.9
-0.11187 -14.9
-0.11162 -14.8
-0.11138 -14.6
-0.11113 -14.3
-0.11089 -13.9
-0.11065 -13.3
-0.1104 -12.7
-0.11016 -11.9
-0.10991 -11.1
-0.10967 -10.2
-0.10942 -9.2
-0.10918 -8.1
-0.10894 -7.0
-0.10869 -5.8
-0.10845 -4.5
-0.1082 -3.2
-0.10796 -1.9
-0.10772 -0.6
-0.10747 0.7
-0.10723 2.1
-0.10698 3.4
-0.10674 4.7
-0.10649 5.9
-0.10625 7.1
-0.10601 8.3
-0.10576 9.4
-0.10552 10.4
-0.10527 11.4
-0.10503 12.2
-0.10479 13.0
-0.10454 13.6
-0.1043 14.2
-0.10405 14.6
-0.10381 14.9
-0.10357 15.1
-0.10332 15.2
-0.10308 15.1
-0.10283 15.0
-0.10259 14.7
-0.10234 14.3
-0.1021 13.7
-0.10186 13.1
-0.10161 12.3
-0.10137 11.5
-0.10112 10.5
-0.10088 9.5
-0.10064 8.4
-0.10039 7.2
-0.10015 5.9
-0.0999 4.6
-0.09966 3.3
-0.09941 1.9
-0.09917 0.5
-0.09893 -0.9
-0.09868 -2.3
-0.09844 -3.6
-0.09819 -5.0
-0.09795 -6.3
-0.09771 -7.6
-0.09746 -8.8
-0.09722 -9.9
-0.09697 -10.9
-0.09673 -11.9
-0.09649 -12.7
-0.09624 -13.5
-0.096 -14.1
-0.09575 -14.7
-0.09551 -15.0
-0.09526 -15.3
-0.09502 -15.5
-0.09478 -15.5
-0.09453 -15.3
-0.09429 -15.1
-0.09404 -14.7
-0.0938 -14.2
-0.09356 -13.5
-0.09331 -12.8
-0.09307 -11.9
-0.09282 -10.9
-0.09258 -9.8
-0.09233 -8.7
-0.09209 -7.4
-0.09185 -6.1
-0.0916 -4.8
-0.09136 -3.4
-0.09111 -1.9
-0.09087 -0.5
-0.09063 1.0
-0.09038 2.5
-0.09014 3.9
-0.08989 5.3
-0.08965 6.7
-0.08941 8.0
-0.08916 9.2
-0.08892 10.4
-0.08867 11.5
-0.08843 12.4
-0.08818 13.3
-0.08794 14.0
-0.0877 14.7
-0.08745 15.1
-0.08721 15.5
-0.08696 15.7
-0.08672 15.8
-0.08648 15.7
-0.08623 15.5
-0.08599 15.1
-0.08574 14.6
-0.0855 14.0
-0.08525 13.2
-0.08501 12.4
-0.08477 11.4
-0.08452 10.2
-0.08428 9.0
-0.08403 7.7
-0.08379 6.4
-0.08355 4.9
-0.0833 3.5
-0.08306 1.9
-0.08281 0.4
-0.08257 -1.1
-0.08232 -2.7
-0.08208 -4.2
-0.08184 -5.7
-0.08159 -7.1
-0.08135 -8.5
-0.0811 -9.8
-0.08086 -11.0
-0.08062 -12.0
-0.08037 -13.0
-0.08013 -13.9
-0.07988 -14.6
-0.07964 -15.2
-0.0794 -15.7
-0.07915 -16.0
-0.07891 -16.1
-0.07866 -16.1
-0.07842 -15.9
-0.07817 -15.6
-0.07793 -15.1
-0.07769 -14.5
-0.07744 -13.7
-0.0772 -12.8
-0.07695 -11.8
-0.07671 -10.6
-0.07647 -9.4
-0.07622 -8.0
-0.07598 -6.6
-0.07573 -5.1
-0.07549 -3.5
-0.07524 -1.9
-0.075 -0.3
-0.07476 1.4
-0.07451 3.0
-0.07427 4.6
-0.07402 6.1
-0.07378 7.6
-0.07354 9.0
-0.07329 10.4
-0.07305 11.6
-0.0728 12.7
-0.07256 13.7
-0.07232 14.6
-0.07207 15.3
-0.07183 15.8
-0.07158 16.2
-0.07134 16.4
-0.07109 16.5
-0.07085 16.4
-0.07061 16.1
-0.07036 15.6
-0.07012 15.0
-0.06987 14.2
-0.06963 13.3
-0.06939 12.2
-0.06914 11.0
-0.0689 9.7
-0.06865 8.2
-0.06841 6.7
-0.06816 5.1
-0.06792 3.4
-0.06768 1.7
-0.06743 0.0
-0.06719 -1.7
-0.06694 -3.4
-0.0667 -5.1
-0.06646 -6.8
-0.06621 -8.3
-0.06597 -9.8
-0.06572 -11.2
-0.06548 -12.4
-0.06524 -13.6
-0.06499 -14.5
-0.06475 -15.4
-0.0645 -16.0
-0.06426 -16.5
-0.06401 -16.8
-0.06377 -16.9
-0.06353 -16.8
-0.06328 -16.6
-0.06304 -16.1
-0.06279 -15.5
-0.06255 -14.6
-0.06231 -13.7
-0.06206 -12.5
-0.06182 -11.2
-0.06157 -9.8
-0.06133 -8.3
-0.06108 -6.6
-0.06084 -4.9
-0.0606 -3.1
-0.06035 -1.3
-0.06011 0.5
-0.05986 2.4
-0.05962 4.2
-0.05938 6.0
-0.05913 7.7
-0.05889 9.3
-0.05864 10.8
-0.0584 12.2
-0.05816 13.5
-0.05791 14.6
-0.05767 15.5
-0.05742 16.3
-0.05718 16.8
-0.05693 17.2
-0.05669 17.4
-0.05645 17.3
-0.0562 17.0
-0.05596 16.6
-0.05571 15.9
-0.05547 15.0
-0.05523 13.9
-0.05498 12.7
-0.05474 11.3
-0.05449 9.7
-0.05425 8.1
-0.054 6.3
-0.05376 4.4
-0.05352 2.5
-0.05327 0.5
-0.05303 -1.4
-0.05278 -3.4
-0.05254 -5.3
-0.0523 -7.2
-0.05205 -9.0
-0.05181 -10.7
-0.05156 -12.2
-0.05132 -13.6
-0.05107 -14.8
-0.05083 -15.9
-0.05059 -16.7
-0.05034 -17.3
-0.0501 -17.7
-0.04985 -17.9
-0.04961 -17.8
-0.04937 -17.5
-0.04912 -16.9
-0.04888 -16.2
-0.04863 -15.2
-0.04839 -14.0
-0.04815 -12.6
-0.0479 -11.0
-0.04766 -9.3
-0.04741 -7.4
-0.04717 -5.5
-0.04692 -3.4
-0.04668 -1.3
-0.04644 0.8
-0.04619 2.9
-0.04595 5.0
-0.0457 7.1
-0.04546 9.0
-0.04522 10.8
-0.04497 12.5
-0.04473 14.0
-0.04448 15.3
-0.04424 16.5
-0.04399 17.3
-0.04375 18.0
-0.04351 18.3
-0.04326 18.4
-0.04302 18.3
-0.04277 17.9
-0.04253 17.2
-0.04229 16.2
-0.04204 15.1
-0.0418 13.6
-0.04155 12.0
-0.04131 10.2
-0.04107 8.2
-0.04082 6.1
-0.04058 3.9
-0.04033 1.6
-0.04009 -0.7
-0.03984 -3.0
-0.0396 -5.3
-0.03936 -7.5
-0.03911 -9.6
-0.03887 -11.6
-0.03862 -13.4
-0.03838 -14.9
-0.03814 -16.3
-0.03789 -17.4
-0.03765 -18.3
-0.0374 -18.8
-0.03716 -19.1
-0.03691 -19.0
-0.03667 -18.7
-0.03643 -18.0
-0.03618 -17.1
-0.03594 -15.8
-0.03569 -14.3
-0.03545 -12.5
-0.03521 -10.6
-0.03496 -8.4
-0.03472 -6.1
-0.03447 -3.7
-0.03423 -1.1
-0.03399 1.4
-0.03374 3.9
-0.0335 6.4
-0.03325 8.8
-0.03301 11.0
-0.03276 13.1
-0.03252 15.0
-0.03228 16.6
-0.03203 17.9
-0.03179 18.9
-0.03154 19.5
-0.0313 19.9
-0.03106 19.8
-0.03081 19.4
-0.03057 18.7
-0.03032 17.6
-0.03008 16.1
-0.02983 14.4
-0.02959 12.3
-0.02935 10.1
-0.0291 7.6
-0.02886 4.9
-0.02861 2.2
-0.02837 -0.6
-0.02813 -3.5
-0.02788 -6.3
-0.02764 -8.9
-0.02739 -11.4
-0.02715 -13.7
-0.02691 -15.8
-0.02666 -17.5
-0.02642 -18.9
-0.02617 -20.0
-0.02593 -20.6
-0.02568 -20.8
-0.02544 -20.6
-0.0252 -19.9
-0.02495 -18.8
-0.02471 -17.3
-0.02446 -15.5
-0.02422 -13.2
-0.02398 -10.7
-0.02373 -7.9
-0.02349 -4.9
-0.02324 -1.8
-0.023 1.4
-0.02275 4.6
-0.02251 7.7
-0.02227 10.6
-0.02202 13.4
-0.02178 15.8
-0.02153 17.9
-0.02129 19.6
-0.02105 20.9
-0.0208 21.7
-0.02056 21.9
-0.02031 21.6
-0.02007 20.8
-0.01982 19.5
-0.01958 17.7
-0.01934 15.4
-0.01909 12.6
-0.01885 9.6
-0.0186 6.2
-0.01836 2.7
-0.01812 -1.0
-0.01787 -4.7
-0.01763 -8.3
-0.01738 -11.7
-0.01714 -14.8
-0.0169 -17.5
-0.01665 -19.8
-0.01641 -21.6
-0.01616 -22.8
-0.01592 -23.3
-0.01567 -23.1
-0.01543 -22.3
-0.01519 -20.8
-0.01494 -18.6
-0.0147 -15.8
-0.01445 -12.6
-0.01421 -8.8
-0.01397 -4.7
-0.01372 -0.5
-0.01348 3.9
-0.01323 8.2
-0.01299 12.3
-0.01274 16.0
-0.0125 19.3
-0.01226 21.9
-0.01201 23.8
-0.01177 24.9
-0.01152 25.1
-0.01128 24.3
-0.01104 22.7
-0.01079 20.1
-0.01055 16.7
-0.0103 12.6
-0.01006 7.9
-0.00982 2.8
-0.00957 -2.6
-0.00933 -7.9
-0.00908 -13.1
-0.00884 -17.7
-0.00859 -21.7
-0.00835 -24.8
-0.00811 -26.8
-0.00786 -27.5
-0.00762 -26.9
-0.00737 -25.0
-0.00713 -21.7
-0.00689 -17.2
-0.00664 -11.6
-0.0064 -5.2
-0.00615 1.6
-0.00591 8.6
-0.00566 15.3
-0.00542 21.3
-0.00518 26.1
-0.00493 29.4
-0.00469 30.8
-0.00444 30.0
-0.0042 27.0
-0.00396 21.9
-0.00371 14.7
-0.00347 6.1
-0.00322 -3.5
-0.00298 -13.2
-0.00274 -22.2
-0.00249 -29.4
-0.00225 -33.9
-0.002 -35.0
-0.00176 -32.0
-0.00151 -24.8
-0.00127 -13.9
-0.00103 -0.2
-0.00078 14.5
-0.00054 27.7
-0.00029 36.7
-5e-05 38.7
0.00019 31.8
0.00044 16.6
0.00068 -3.4
0.00093 -22.2
0.00117 -33.4
0.00142 -32.7
0.00166 -20.6
0.0019 -2.1
0.00215 14.8
0.00239 23.6
0.00264 21.6
0.00288 11.2
0.00312 -2.1
0.00337 -11.9
0.00361 -14.7
0.00386 -10.6
0.0041 -2.6
0.00434 4.8
0.00459 8.5
0.00483 7.6
0.00508 3.4
0.00532 -1.4
0.00557 -4.6
0.00581 -5.0
0.00605 -3.0
0.0063 0.0
0.00654 2.3
0.00679 3.1
0.00703 2.2
0.00727 0.5
0.00752 -1.0
0.00776 -1.8
0.00801 -1.6
0.00825 -0.6
0.0085 0.4
0.00874 1.0
0.00898 1.0
0.00923 0.6
0.00947 0.0
0.00972 -0.5
0.00996 -0.7
0.0102 -0.4
0.01045 0.0
0.01069 0.3
0.01094 0.4
0.01118 0.3
0.01143 0.1
0.01167 -0.1
0.01191 -0.2
0.01216 -0.2
0.0124 -0.1
0.01265 0.0
0.01289 0.1
0.01313 0.1
0.01338 0.0
0.01362 0.0
0.01387 0.0
0.01411 0.0
0.01435 0.0
0.0146 0.0
0.01484 0.0
0.01509 0.0
0.01533 0.0
0.01558 0.0
0.01582 0.0
0.01606 0.0
0.01631 0.0
0.01655 0.0
0.0168 0.0
0.01704 0.0
0.01728 0.0
0.01753 0.0
0.01777 0.0
0.01802 0.0
0.01826 0.0
0.01851 0.0
0.01875 0.0
0.01899 0.0
0.01924 0.0
0.01948 0.0
0.01973 0.0
0.01997 0.0
0.02021 0.0
0.02046 0.0
0.0207 0.0
0.02095 0.0
0.02119 0.0
0.02143 0.0
0.02168 0.0
0.02192 0.0
0.02217 0.0
0.02241 0.0
0.02266 0.0
0.0229 0.0
0.02314 0.0
0.02339 0.0
0.02363 0.0
0.02388 0.0
0.02412 0.0
0.02436 0.0
0.02461 0.0
0.02485 0.0
0.0251 0.0
0.02534 0.0
0.02559 0.0
0.02583 0.0
0.02607 0.0
0.02632 0.0
0.02656 0.0
0.02681 0.0
0.02705 0.0
0.02729 0.0
0.02754 0.0
0.02778 0.0
0.02803 0.0
0.02827 0.0
0.02851 0.0
0.02876 0.0
0.029 0.0
0.02925 0.0
0.02949 0.0
0.02974 0.0
0.02998 0.0
0.03022 0.0
0.03047 0.0
0.03071 0.0
0.03096 0.0
0.0312 0.0
0.03144 0.0
0.03169 0.0
0.03193 0.0
0.03218 0.0
0.03242 0.0
0.03267 0.0
0.03291 0.0
0.03315 0.0
0.0334 0.0
0.03364 0.0
0.03389 0.0
0.03413 0.0
0.03437 0.0
0.03462 0.0
0.03486 0.0
0.03511 0.0
0.03535 0.0
0.03559 0.0
0.03584 0.0
0.03608 0.0
0.03633 0.0
0.03657 0.0
0.03682 0.0
0.03706 0.0
0.0373 0.0
0.03755 0.0
0.03779 0.0
0.03804 0.0
0.03828 0.0
0.03852 0.0
0.03877 0.0
0.03901 0.0
0.03926 0.0
0.0395 0.0
0.03975 0.0
0.03999 0.0
0.04023 0.0
0.04048 0.0
0.04072 0.0
0.04097 0.0
0.04121 0.0
0.04145 0.0
0.0417 0.0
0.04194 0.0
0.04219 0.0
0.04243 0.0
0.04268 0.0
0.04292 0.0
0.04316 0.0
0.04341 0.0
0.04365 0.0
0.0439 0.0
0.04414 0.0
0.04438 0.0
0.04463 0.0
0.04487 0.0
0.04512 0.0
0.04536 0.0
0.0456 0.0
0.04585 0.0
0.04609 0.0
0.04634 0.0
0.04658 0.0
0.04683 0.0
0.04707 0.0
0.04731 0.0
0.04756 0.0
0.0478 0.0
0.04805 0.0
0.04829 0.0
0.04853 0.0
0.04878 0.0
0.04902 0.0
0.04927 0.0
0.04951 0.0
0.04976 0.0
0.05 0.0
0.05024 0.0
0.05049 0.0
0.05073 0.0
0.05098 0.0
0.05122 0.0
0.05146 0.0
0.05171 0.0
0.05195 0.0
0.0522 0.0
0.05244 0.0
0.05268 0.0
0.05293 0.0
0.05317 0.0
0.05342 0.0
0.05366 0.0
0.05391 0.0
0.05415 0.0
0.05439 0.0
0.05464 0.0
0.05488 0.0
0.05513 0.0
0.05537 0.0
0.05561 0.0
0.05586 0.0
0.0561 0.0
0.05635 0.0
0.05659 0.0
0.05684 0.0
0.05708 0.0
0.05732 0.0
0.05757 0.0
0.05781 0.0
0.05806 0.0
0.0583 0.0
0.05854 0.0
0.05879 0.0
0.05903 0.0
0.05928 0.0
0.05952 0.0
0.05976 0.0
0.06001 0.0
0.06025 0.0
0.0605 0.0
0.06074 0.0
0.06099 0.0
0.06123 0.0
0.06147 0.0
0.06172 0.0
0.06196 0.0
0.06221 0.0
0.06245 0.0
0.06269 0.0
0.06294 0.0
0.06318 0.0
0.06343 0.0
0.06367 0.0
0.06392 0.0
0.06416 0.0
0.0644 0.0
0.06465 0.0
0.06489 0.0
0.06514 0.0
0.06538 0.0
0.06562 0.0
0.06587 0.0
0.06611 0.0
0.06636 0.0
0.0666 0.0
0.06684 0.0
0.06709 0.0
0.06733 0.0
0.06758 0.0
0.06782 0.0
0.06807 0.0
0.06831 0.0
0.06855 0.0
0.0688 0.0
0.06904 0.0
0.06929 0.0
0.06953 0.0
0.06977 0.0
0.07002 0.0
0.07026 0.0
0.07051 0.0
0.07075 0.0
0.071 0.0
0.07124 0.0
0.07148 0.0
0.07173 0.0
0.07197 0.0
0.07222 0.0
0.07246 0.0
0.0727 0.0
0.07295 0.0
0.07319 0.0
0.07344 0.0
0.07368 0.0
0.07393 0.0
0.07417 0.0
0.07441 0.0
0.07466 0.0
0.0749 0.0
0.07515 0.0
0.07539 0.0
0.07563 0.0
0.07588 0.0
0.07612 0.0
0.07637 0.0
0.07661 0.0
0.07685 0.0
0.0771 0.0
0.07734 0.0
0.07759 0.0
0.07783 0.0
0.07808 0.0
0.07832 0.0
0.07856 0.0
0.07881 0.0
0.07905 0.0
0.0793 0.0
0.07954 0.0
0.07978 0.0
0.08003 0.0
0.08027 0.0
0.08052 0.0
0.08076 0.0
0.08101 0.0
0.08125 0.0
0.08149 0.0
0.08174 0.0
0.08198 0.0
0.08223 0.0
