t strain*1e23
-1.45699 -9.5
-1.45675 -9.5
-1.4565 -9.4
-1.45626 -9.3
-1.45601 -9.2
-1.45577 -9.0
-1.45553 -8.9
-1.45528 -8.8
-1.45504 -8.6
-1.45479 -8.4
-1.45455 -8.2
-1.45431 -8.0
-1.45406 -7.8
-1.45382 -7.6
-1.45357 -7.3
-1.45333 -7.1
-1.45308 -6.8
-1.45284 -6.6
-1.4526 -6.3
-1.45235 -6.0
-1.45211 -5.7
-1.45186 -5.4
-1.45162 -5.1
-1.45138 -4.7
-1.45113 -4.4
-1.45089 -4.1
-1.45064 -3.7
-1.4504 -3.4
-1.45016 -3.0
-1.44991 -2.7
-1.44967 -2.3
-1.44942 -2.0
-1.44918 -1.6
-1.44893 -1.2
-1.44869 -0.9
-1.44845 -0.5
-1.4482 -0.1
-1.44796 0.3
-1.44771 0.6
-1.44747 1.0
-1.44723 1.4
-1.44698 1.7
-1.44674 2.1
-1.44649 2.5
-1.44625 2.8
-1.446 3.2
-1.44576 3.5
-1.44552 3.9
-1.44527 4.2
-1.44503 4.6
-1.44478 4.9
-1.44454 5.2
-1.4443 5.5
-1.44405 5.8
-1.44381 6.1
-1.44356 6.4
-1.44332 6.7
-1.44308 6.9
-1.44283 7.2
-1.44259 7.5
-1.44234 7.7
-1.4421 7.9
-1.44185 8.1
-1.44161 8.3
-1.44137 8.5
-1.44112 8.7
-1.44088 8.8
-1.44063 9.0
-1.44039 9.1
-1.44015 9.3
-1.4399 9.4
-1.43966 9.5
-1.43941 9.5
-1.43917 9.6
-1.43892 9.7
-1.43868 9.7
-1.43844 9.7
-1.43819 9.7
-1.43795 9.7
-1.4377 9.7
-1.43746 9.7
-1.43722 9.6
-1.43697 9.6
-1.43673 9.5
-1.43648 9.4
-1.43624 9.3
-1.436 9.2
-1.43575 9.0
-1.43551 8.9
-1.43526 8.7
-1.43502 8.6
-1.43477 8.4
-1.43453 8.2
-1.43429 8.0
-1.43404 7.7
-1.4338 7.5
-1.43355 7.3
-1.43331 7.0
-1.43307 6.7
-1.43282 6.5
-1.43258 6.2
-1.43233 5.9
-1.43209 5.6
-1.43184 5.3
-1.4316 5.0
-1.43136 4.6
-1.43111 4.3
-1.43087 4.0
-1.43062 3.6
-1.43038 3.3
-1.43014 2.9
-1.42989 2.5
-1.42965 2.2
-1.4294 1.8
-1.42916 1.4
-1.42892 1.1
-1.42867 0.7
-1.42843 0.3
-1.42818 0.0
-1.42794 -0.4
-1.42769 -0.8
-1.42745 -1.2
-1.42721 -1.6
-1.42696 -1.9
-1.42672 -2.3
-1.42647 -2.7
-1.42623 -3.0
-1.42599 -3.4
-1.42574 -3.7
-1.4255 -4.1
-1.42525 -4.4
-1.42501 -4.7
-1.42476 -5.1
-1.42452 -5.4
-1.42428 -5.7
-1.42403 -6.0
-1.42379 -6.3
-1.42354 -6.6
-1.4233 -6.9
-1.42306 -7.1
-1.42281 -7.4
-1.42257 -7.6
-1.42232 -7.8
-1.42208 -8.1
-1.42183 -8.3
-1.42159 -8.5
-1.42135 -8.6
-1.4211 -8.8
-1.42086 -9.0
-1.42061 -9.1
-1.42037 -9.2
-1.42013 -9.4
-1.41988 -9.5
-1.41964 -9.5
-1.41939 -9.6
-1.41915 -9.7
-1.41891 -9.7
-1.41866 -9.7
-1.41842 -9.8
-1.41817 -9.8
-1.41793 -9.7
-1.41768 -9.7
-1.41744 -9.7
-1.4172 -9.6
-1.41695 -9.5
-1.41671 -9.4
-1.41646 -9.3
-1.41622 -9.2
-1.41598 -9.1
-1.41573 -9.0
-1.41549 -8.8
-1.41524 -8.6
-1.415 -8.4
-1.41475 -8.3
-1.41451 -8.0
-1.41427 -7.8
-1.41402 -7.6
-1.41378 -7.4
-1.41353 -7.1
-1.41329 -6.8
-1.41305 -6.6
-1.4128 -6.3
-1.41256 -6.0
-1.41231 -5.7
-1.41207 -5.4
-1.41183 -5.0
-1.41158 -4.7
-1.41134 -4.4
-1.41109 -4.0
-1.41085 -3.7
-1.4106 -3.3
-1.41036 -3.0
-1.41012 -2.6
-1.40987 -2.2
-1.40963 -1.9
-1.40938 -1.5
-1.40914 -1.1
-1.4089 -0.7
-1.40865 -0.4
-1.40841 0.0
-1.40816 0.4
-1.40792 0.8
-1.40767 1.1
-1.40743 1.5
-1.40719 1.9
-1.40694 2.3
-1.4067 2.6
-1.40645 3.0
-1.40621 3.4
-1.40597 3.7
-1.40572 4.1
-1.40548 4.4
-1.40523 4.7
-1.40499 5.1
-1.40475 5.4
-1.4045 5.7
-1.40426 6.0
-1.40401 6.3
-1.40377 6.6
-1.40352 6.9
-1.40328 7.1
-1.40304 7.4
-1.40279 7.6
-1.40255 7.9
-1.4023 8.1
-1.40206 8.3
-1.40182 8.5
-1.40157 8.7
-1.40133 8.8
-1.40108 9.0
-1.40084 9.1
-1.40059 9.3
-1.40035 9.4
-1.40011 9.5
-1.39986 9.6
-1.39962 9.6
-1.39937 9.7
-1.39913 9.7
-1.39889 9.8
-1.39864 9.8
-1.3984 9.8
-1.39815 9.8
-1.39791 9.7
-1.39767 9.7
-1.39742 9.6
-1.39718 9.6
-1.39693 9.5
-1.39669 9.4
-1.39644 9.2
-1.3962 9.1
-1.39596 9.0
-1.39571 8.8
-1.39547 8.6
-1.39522 8.5
-1.39498 8.3
-1.39474 8.0
-1.39449 7.8
-1.39425 7.6
-1.394 7.3
-1.39376 7.1
-1.39351 6.8
-1.39327 6.5
-1.39303 6.2
-1.39278 5.9
-1.39254 5.6
-1.39229 5.3
-1.39205 5.0
-1.39181 4.7
-1.39156 4.3
-1.39132 4.0
-1.39107 3.6
-1.39083 3.3
-1.39058 2.9
-1.39034 2.5
-1.3901 2.2
-1.38985 1.8
-1.38961 1.4
-1.38936 1.0
-1.38912 0.7
-1.38888 0.3
-1.38863 -0.1
-1.38839 -0.5
-1.38814 -0.9
-1.3879 -1.2
-1.38766 -1.6
-1.38741 -2.0
-1.38717 -2.4
-1.38692 -2.7
-1.38668 -3.1
-1.38643 -3.5
-1.38619 -3.8
-1.38595 -4.2
-1.3857 -4.5
-1.38546 -4.9
-1.38521 -5.2
-1.38497 -5.5
-1.38473 -5.8
-1.38448 -6.1
-1.38424 -6.4
-1.38399 -6.7
-1.38375 -7.0
-1.3835 -7.2
-1.38326 -7.5
-1.38302 -7.7
-1.38277 -8.0
-1.38253 -8.2
-1.38228 -8.4
-1.38204 -8.6
-1.3818 -8.8
-1.38155 -8.9
-1.38131 -9.1
-1.38106 -9.2
-1.38082 -9.3
-1.38058 -9.5
-1.38033 -9.6
-1.38009 -9.6
-1.37984 -9.7
-1.3796 -9.8
-1.37935 -9.8
-1.37911 -9.8
-1.37887 -9.8
-1.37862 -9.8
-1.37838 -9.8
-1.37813 -9.8
-1.37789 -9.7
-1.37765 -9.6
-1.3774 -9.5
-1.37716 -9.5
-1.37691 -9.3
-1.37667 -9.2
-1.37642 -9.1
-1.37618 -8.9
-1.37594 -8.8
-1.37569 -8.6
-1.37545 -8.4
-1.3752 -8.2
-1.37496 -8.0
-1.37472 -7.7
-1.37447 -7.5
-1.37423 -7.2
-1.37398 -7.0
-1.37374 -6.7
-1.3735 -6.4
-1.37325 -6.1
-1.37301 -5.8
-1.37276 -5.5
-1.37252 -5.2
-1.37227 -4.8
-1.37203 -4.5
-1.37179 -4.1
-1.37154 -3.8
-1.3713 -3.4
-1.37105 -3.1
-1.37081 -2.7
-1.37057 -2.3
-1.37032 -1.9
-1.37008 -1.6
-1.36983 -1.2
-1.36959 -0.8
-1.36934 -0.4
-1.3691 0.0
-1.36886 0.4
-1.36861 0.7
-1.36837 1.1
-1.36812 1.5
-1.36788 1.9
-1.36764 2.3
-1.36739 2.6
-1.36715 3.0
-1.3669 3.4
-1.36666 3.7
-1.36642 4.1
-1.36617 4.4
-1.36593 4.8
-1.36568 5.1
-1.36544 5.4
-1.36519 5.8
-1.36495 6.1
-1.36471 6.4
-1.36446 6.6
-1.36422 6.9
-1.36397 7.2
-1.36373 7.5
-1.36349 7.7
-1.36324 7.9
-1.363 8.2
-1.36275 8.4
-1.36251 8.6
-1.36226 8.8
-1.36202 8.9
-1.36178 9.1
-1.36153 9.2
-1.36129 9.4
-1.36104 9.5
-1.3608 9.6
-1.36056 9.7
-1.36031 9.7
-1.36007 9.8
-1.35982 9.8
-1.35958 9.8
-1.35933 9.9
-1.35909 9.8
-1.35885 9.8
-1.3586 9.8
-1.35836 9.7
-1.35811 9.7
-1.35787 9.6
-1.35763 9.5
-1.35738 9.4
-1.35714 9.3
-1.35689 9.1
-1.35665 9.0
-1.35641 8.8
-1.35616 8.6
-1.35592 8.4
-1.35567 8.2
-1.35543 8.0
-1.35518 7.8
-1.35494 7.5
-1.3547 7.3
-1.35445 7.0
-1.35421 6.7
-1.35396 6.4
-1.35372 6.1
-1.35348 5.8
-1.35323 5.5
-1.35299 5.2
-1.35274 4.8
-1.3525 4.5
-1.35225 4.2
-1.35201 3.8
-1.35177 3.4
-1.35152 3.1
-1.35128 2.7
-1.35103 2.3
-1.35079 1.9
-1.35055 1.6
-1.3503 1.2
-1.35006 0.8
-1.34981 0.4
-1.34957 0.0
-1.34933 -0.4
-1.34908 -0.8
-1.34884 -1.1
-1.34859 -1.5
-1.34835 -1.9
-1.3481 -2.3
-1.34786 -2.7
-1.34762 -3.0
-1.34737 -3.4
-1.34713 -3.8
-1.34688 -4.1
-1.34664 -4.5
-1.3464 -4.8
-1.34615 -5.2
-1.34591 -5.5
-1.34566 -5.8
-1.34542 -6.1
-1.34517 -6.4
-1.34493 -6.7
-1.34469 -7.0
-1.34444 -7.3
-1.3442 -7.5
-1.34395 -7.8
-1.34371 -8.0
-1.34347 -8.2
-1.34322 -8.4
-1.34298 -8.6
-1.34273 -8.8
-1.34249 -9.0
-1.34225 -9.1
-1.342 -9.3
-1.34176 -9.4
-1.34151 -9.5
-1.34127 -9.6
-1.34102 -9.7
-1.34078 -9.8
-1.34054 -9.8
-1.34029 -9.9
-1.34005 -9.9
-1.3398 -9.9
-1.33956 -9.9
-1.33932 -9.8
-1.33907 -9.8
-1.33883 -9.8
-1.33858 -9.7
-1.33834 -9.6
-1.33809 -9.5
-1.33785 -9.4
-1.33761 -9.3
-1.33736 -9.1
-1.33712 -8.9
-1.33687 -8.8
-1.33663 -8.6
-1.33639 -8.4
-1.33614 -8.2
-1.3359 -7.9
-1.33565 -7.7
-1.33541 -7.5
-1.33517 -7.2
-1.33492 -6.9
-1.33468 -6.6
-1.33443 -6.3
-1.33419 -6.0
-1.33394 -5.7
-1.3337 -5.4
-1.33346 -5.1
-1.33321 -4.7
-1.33297 -4.4
-1.33272 -4.0
-1.33248 -3.7
-1.33224 -3.3
-1.33199 -2.9
-1.33175 -2.6
-1.3315 -2.2
-1.33126 -1.8
-1.33101 -1.4
-1.33077 -1.0
-1.33053 -0.6
-1.33028 -0.2
-1.33004 0.2
-1.32979 0.5
-1.32955 0.9
-1.32931 1.3
-1.32906 1.7
-1.32882 2.1
-1.32857 2.5
-1.32833 2.9
-1.32808 3.2
-1.32784 3.6
-1.3276 4.0
-1.32735 4.3
-1.32711 4.7
-1.32686 5.0
-1.32662 5.3
-1.32638 5.7
-1.32613 6.0
-1.32589 6.3
-1.32564 6.6
-1.3254 6.9
-1.32516 7.2
-1.32491 7.4
-1.32467 7.7
-1.32442 7.9
-1.32418 8.2
-1.32393 8.4
-1.32369 8.6
-1.32345 8.8
-1.3232 8.9
-1.32296 9.1
-1.32271 9.3
-1.32247 9.4
-1.32223 9.5
-1.32198 9.6
-1.32174 9.7
-1.32149 9.8
-1.32125 9.8
-1.321 9.9
-1.32076 9.9
-1.32052 9.9
-1.32027 9.9
-1.32003 9.9
-1.31978 9.9
-1.31954 9.8
-1.3193 9.7
-1.31905 9.7
-1.31881 9.6
-1.31856 9.5
-1.31832 9.3
-1.31808 9.2
-1.31783 9.0
-1.31759 8.9
-1.31734 8.7
-1.3171 8.5
-1.31685 8.3
-1.31661 8.0
-1.31637 7.8
-1.31612 7.6
-1.31588 7.3
-1.31563 7.0
-1.31539 6.7
-1.31515 6.4
-1.3149 6.1
-1.31466 5.8
-1.31441 5.5
-1.31417 5.2
-1.31392 4.8
-1.31368 4.5
-1.31344 4.1
-1.31319 3.8
-1.31295 3.4
-1.3127 3.0
-1.31246 2.6
-1.31222 2.3
-1.31197 1.9
-1.31173 1.5
-1.31148 1.1
-1.31124 0.7
-1.311 0.3
-1.31075 0.0
-1.31051 -0.5
-1.31026 -0.9
-1.31002 -1.3
-1.30977 -1.7
-1.30953 -2.1
-1.30929 -2.4
-1.30904 -2.8
-1.3088 -3.2
-1.30855 -3.6
-1.30831 -3.9
-1.30807 -4.3
-1.30782 -4.7
-1.30758 -5.0
-1.30733 -5.3
-1.30709 -5.7
-1.30684 -6.0
-1.3066 -6.3
-1.30636 -6.6
-1.30611 -6.9
-1.30587 -7.2
-1.30562 -7.4
-1.30538 -7.7
-1.30514 -7.9
-1.30489 -8.2
-1.30465 -8.4
-1.3044 -8.6
-1.30416 -8.8
-1.30392 -9.0
-1.30367 -9.1
-1.30343 -9.3
-1.30318 -9.4
-1.30294 -9.5
-1.30269 -9.6
-1.30245 -9.7
-1.30221 -9.8
-1.30196 -9.9
-1.30172 -9.9
-1.30147 -9.9
-1.30123 -9.9
-1.30099 -9.9
-1.30074 -9.9
-1.3005 -9.9
-1.30025 -9.8
-1.30001 -9.8
-1.29976 -9.7
-1.29952 -9.6
-1.29928 -9.5
-1.29903 -9.3
-1.29879 -9.2
-1.29854 -9.0
-1.2983 -8.9
-1.29806 -8.7
-1.29781 -8.5
-1.29757 -8.3
-1.29732 -8.0
-1.29708 -7.8
-1.29683 -7.5
-1.29659 -7.3
-1.29635 -7.0
-1.2961 -6.7
-1.29586 -6.4
-1.29561 -6.1
-1.29537 -5.8
-1.29513 -5.5
-1.29488 -5.1
-1.29464 -4.8
-1.29439 -4.4
-1.29415 -4.1
-1.29391 -3.7
-1.29366 -3.3
-1.29342 -2.9
-1.29317 -2.6
-1.29293 -2.2
-1.29268 -1.8
-1.29244 -1.4
-1.2922 -1.0
-1.29195 -0.6
-1.29171 -0.2
-1.29146 0.2
-1.29122 0.6
-1.29098 1.0
-1.29073 1.4
-1.29049 1.8
-1.29024 2.2
-1.29 2.6
-1.28975 2.9
-1.28951 3.3
-1.28927 3.7
-1.28902 4.1
-1.28878 4.4
-1.28853 4.8
-1.28829 5.1
-1.28805 5.5
-1.2878 5.8
-1.28756 6.1
-1.28731 6.4
-1.28707 6.7
-1.28683 7.0
-1.28658 7.3
-1.28634 7.6
-1.28609 7.8
-1.28585 8.1
-1.2856 8.3
-1.28536 8.5
-1.28512 8.7
-1.28487 8.9
-1.28463 9.1
-1.28438 9.2
-1.28414 9.4
-1.2839 9.5
-1.28365 9.6
-1.28341 9.7
-1.28316 9.8
-1.28292 9.9
-1.28267 9.9
-1.28243 10.0
-1.28219 10.0
-1.28194 10.0
-1.2817 10.0
-1.28145 9.9
-1.28121 9.9
-1.28097 9.8
-1.28072 9.8
-1.28048 9.7
-1.28023 9.6
-1.27999 9.4
-1.27975 9.3
-1.2795 9.2
-1.27926 9.0
-1.27901 8.8
-1.27877 8.6
-1.27852 8.4
-1.27828 8.2
-1.27804 7.9
-1.27779 7.7
-1.27755 7.4
-1.2773 7.2
-1.27706 6.9
-1.27682 6.6
-1.27657 6.3
-1.27633 5.9
-1.27608 5.6
-1.27584 5.3
-1.27559 4.9
-1.27535 4.6
-1.27511 4.2
-1.27486 3.9
-1.27462 3.5
-1.27437 3.1
-1.27413 2.7
-1.27389 2.3
-1.27364 1.9
-1.2734 1.5
-1.27315 1.1
-1.27291 0.7
-1.27267 0.3
-1.27242 0.0
-1.27218 -0.5
-1.27193 -0.9
-1.27169 -1.3
-1.27144 -1.7
-1.2712 -2.1
-1.27096 -2.4
-1.27071 -2.8
-1.27047 -3.2
-1.27022 -3.6
-1.26998 -4.0
-1.26974 -4.3
-1.26949 -4.7
-1.26925 -5.0
-1.269 -5.4
-1.26876 -5.7
-1.26851 -6.0
-1.26827 -6.4
-1.26803 -6.7
-1.26778 -7.0
-1.26754 -7.3
-1.26729 -7.5
-1.26705 -7.8
-1.26681 -8.0
-1.26656 -8.3
-1.26632 -8.5
-1.26607 -8.7
-1.26583 -8.9
-1.26558 -9.1
-1.26534 -9.2
-1.2651 -9.4
-1.26485 -9.5
-1.26461 -9.6
-1.26436 -9.7
-1.26412 -9.8
-1.26388 -9.9
-1.26363 -9.9
-1.26339 -10.0
-1.26314 -10.0
-1.2629 -10.0
-1.26266 -10.0
-1.26241 -10.0
-1.26217 -9.9
-1.26192 -9.9
-1.26168 -9.8
-1.26143 -9.7
-1.26119 -9.6
-1.26095 -9.5
-1.2607 -9.3
-1.26046 -9.2
-1.26021 -9.0
-1.25997 -8.8
-1.25973 -8.7
-1.25948 -8.4
-1.25924 -8.2
-1.25899 -8.0
-1.25875 -7.7
-1.2585 -7.5
-1.25826 -7.2
-1.25802 -6.9
-1.25777 -6.6
-1.25753 -6.3
-1.25728 -6.0
-1.25704 -5.6
-1.2568 -5.3
-1.25655 -5.0
-1.25631 -4.6
-1.25606 -4.2
-1.25582 -3.9
-1.25558 -3.5
-1.25533 -3.1
-1.25509 -2.7
-1.25484 -2.3
-1.2546 -1.9
-1.25435 -1.5
-1.25411 -1.1
-1.25387 -0.7
-1.25362 -0.3
-1.25338 0.0
-1.25313 0.5
-1.25289 0.9
-1.25265 1.3
-1.2524 1.7
-1.25216 2.1
-1.25191 2.5
-1.25167 2.9
-1.25142 3.3
-1.25118 3.6
-1.25094 4.0
-1.25069 4.4
-1.25045 4.8
-1.2502 5.1
-1.24996 5.5
-1.24972 5.8
-1.24947 6.1
-1.24923 6.4
-1.24898 6.7
-1.24874 7.0
-1.2485 7.3
-1.24825 7.6
-1.24801 7.9
-1.24776 8.1
-1.24752 8.3
-1.24727 8.6
-1.24703 8.8
-1.24679 9.0
-1.24654 9.1
-1.2463 9.3
-1.24605 9.4
-1.24581 9.6
-1.24557 9.7
-1.24532 9.8
-1.24508 9.9
-1.24483 9.9
-1.24459 10.0
-1.24434 10.0
-1.2441 10.0
-1.24386 10.0
-1.24361 10.0
-1.24337 10.0
-1.24312 10.0
-1.24288 9.9
-1.24264 9.8
-1.24239 9.7
-1.24215 9.6
-1.2419 9.5
-1.24166 9.3
-1.24142 9.2
-1.24117 9.0
-1.24093 8.8
-1.24068 8.6
-1.24044 8.4
-1.24019 8.2
-1.23995 7.9
-1.23971 7.7
-1.23946 7.4
-1.23922 7.1
-1.23897 6.8
-1.23873 6.5
-1.23849 6.2
-1.23824 5.9
-1.238 5.5
-1.23775 5.2
-1.23751 4.8
-1.23726 4.5
-1.23702 4.1
-1.23678 3.7
-1.23653 3.3
-1.23629 3.0
-1.23604 2.6
-1.2358 2.2
-1.23556 1.8
-1.23531 1.4
-1.23507 1.0
-1.23482 0.5
-1.23458 0.1
-1.23433 -0.3
-1.23409 -0.7
-1.23385 -1.1
-1.2336 -1.5
-1.23336 -1.9
-1.23311 -2.3
-1.23287 -2.7
-1.23263 -3.1
-1.23238 -3.5
-1.23214 -3.9
-1.23189 -4.2
-1.23165 -4.6
-1.23141 -5.0
-1.23116 -5.3
-1.23092 -5.7
-1.23067 -6.0
-1.23043 -6.3
-1.23018 -6.6
-1.22994 -6.9
-1.2297 -7.2
-1.22945 -7.5
-1.22921 -7.8
-1.22896 -8.0
-1.22872 -8.3
-1.22848 -8.5
-1.22823 -8.7
-1.22799 -8.9
-1.22774 -9.1
-1.2275 -9.3
-1.22725 -9.4
-1.22701 -9.6
-1.22677 -9.7
-1.22652 -9.8
-1.22628 -9.9
-1.22603 -10.0
-1.22579 -10.0
-1.22555 -10.1
-1.2253 -10.1
-1.22506 -10.1
-1.22481 -10.1
-1.22457 -10.0
-1.22433 -10.0
-1.22408 -9.9
-1.22384 -9.9
-1.22359 -9.8
-1.22335 -9.7
-1.2231 -9.5
-1.22286 -9.4
-1.22262 -9.3
-1.22237 -9.1
-1.22213 -8.9
-1.22188 -8.7
-1.22164 -8.5
-1.2214 -8.3
-1.22115 -8.0
-1.22091 -7.8
-1.22066 -7.5
-1.22042 -7.2
-1.22017 -6.9
-1.21993 -6.6
-1.21969 -6.3
-1.21944 -6.0
-1.2192 -5.6
-1.21895 -5.3
-1.21871 -4.9
-1.21847 -4.6
-1.21822 -4.2
-1.21798 -3.8
-1.21773 -3.4
-1.21749 -3.0
-1.21725 -2.6
-1.217 -2.2
-1.21676 -1.8
-1.21651 -1.4
-1.21627 -1.0
-1.21602 -0.6
-1.21578 -0.2
-1.21554 0.2
-1.21529 0.6
-1.21505 1.0
-1.2148 1.5
-1.21456 1.9
-1.21432 2.3
-1.21407 2.7
-1.21383 3.1
-1.21358 3.5
-1.21334 3.8
-1.21309 4.2
-1.21285 4.6
-1.21261 5.0
-1.21236 5.3
-1.21212 5.7
-1.21187 6.0
-1.21163 6.3
-1.21139 6.6
-1.21114 6.9
-1.2109 7.2
-1.21065 7.5
-1.21041 7.8
-1.21017 8.1
-1.20992 8.3
-1.20968 8.5
-1.20943 8.7
-1.20919 8.9
-1.20894 9.1
-1.2087 9.3
-1.20846 9.5
-1.20821 9.6
-1.20797 9.7
-1.20772 9.8
-1.20748 9.9
-1.20724 10.0
-1.20699 10.0
-1.20675 10.1
-1.2065 10.1
-1.20626 10.1
-1.20601 10.1
-1.20577 10.1
-1.20553 10.0
-1.20528 10.0
-1.20504 9.9
-1.20479 9.8
-1.20455 9.7
-1.20431 9.6
-1.20406 9.4
-1.20382 9.3
-1.20357 9.1
-1.20333 8.9
-1.20308 8.7
-1.20284 8.5
-1.2026 8.2
-1.20235 8.0
-1.20211 7.7
-1.20186 7.5
-1.20162 7.2
-1.20138 6.9
-1.20113 6.6
-1.20089 6.2
-1.20064 5.9
-1.2004 5.6
-1.20016 5.2
-1.19991 4.9
-1.19967 4.5
-1.19942 4.1
-1.19918 3.7
-1.19893 3.3
-1.19869 2.9
-1.19845 2.5
-1.1982 2.1
-1.19796 1.7
-1.19771 1.3
-1.19747 0.9
-1.19723 0.5
-1.19698 0.0
-1.19674 -0.3
-1.19649 -0.8
-1.19625 -1.2
-1.196 -1.6
-1.19576 -2.0
-1.19552 -2.4
-1.19527 -2.8
-1.19503 -3.2
-1.19478 -3.6
-1.19454 -4.0
-1.1943 -4.4
-1.19405 -4.7
-1.19381 -5.1
-1.19356 -5.5
-1.19332 -5.8
-1.19308 -6.1
-1.19283 -6.5
-1.19259 -6.8
-1.19234 -7.1
-1.1921 -7.4
-1.19185 -7.7
-1.19161 -7.9
-1.19137 -8.2
-1.19112 -8.4
-1.19088 -8.6
-1.19063 -8.9
-1.19039 -9.1
-1.19015 -9.2
-1.1899 -9.4
-1.18966 -9.6
-1.18941 -9.7
-1.18917 -9.8
-1.18892 -9.9
-1.18868 -10.0
-1.18844 -10.1
-1.18819 -10.1
-1.18795 -10.1
-1.1877 -10.2
-1.18746 -10.2
-1.18722 -10.1
-1.18697 -10.1
-1.18673 -10.0
-1.18648 -10.0
-1.18624 -9.9
-1.186 -9.8
-1.18575 -9.7
-1.18551 -9.5
-1.18526 -9.4
-1.18502 -9.2
-1.18477 -9.0
-1.18453 -8.8
-1.18429 -8.6
-1.18404 -8.4
-1.1838 -8.1
-1.18355 -7.9
-1.18331 -7.6
-1.18307 -7.3
-1.18282 -7.0
-1.18258 -6.7
-1.18233 -6.4
-1.18209 -6.1
-1.18184 -5.7
-1.1816 -5.4
-1.18136 -5.0
-1.18111 -4.6
-1.18087 -4.3
-1.18062 -3.9
-1.18038 -3.5
-1.18014 -3.1
-1.17989 -2.7
-1.17965 -2.3
-1.1794 -1.9
-1.17916 -1.5
-1.17892 -1.0
-1.17867 -0.6
-1.17843 -0.2
-1.17818 0.2
-1.17794 0.6
-1.17769 1.1
-1.17745 1.5
-1.17721 1.9
-1.17696 2.3
-1.17672 2.7
-1.17647 3.1
-1.17623 3.5
-1.17599 3.9
-1.17574 4.3
-1.1755 4.7
-1.17525 5.0
-1.17501 5.4
-1.17476 5.7
-1.17452 6.1
-1.17428 6.4
-1.17403 6.7
-1.17379 7.1
-1.17354 7.3
-1.1733 7.6
-1.17306 7.9
-1.17281 8.2
-1.17257 8.4
-1.17232 8.6
-1.17208 8.9
-1.17183 9.1
-1.17159 9.2
-1.17135 9.4
-1.1711 9.6
-1.17086 9.7
-1.17061 9.8
-1.17037 9.9
-1.17013 10.0
-1.16988 10.1
-1.16964 10.1
-1.16939 10.2
-1.16915 10.2
-1.16891 10.2
-1.16866 10.2
-1.16842 10.1
-1.16817 10.1
-1.16793 10.0
-1.16768 9.9
-1.16744 9.8
-1.1672 9.7
-1.16695 9.6
-1.16671 9.4
-1.16646 9.2
-1.16622 9.1
-1.16598 8.9
-1.16573 8.6
-1.16549 8.4
-1.16524 8.2
-1.165 7.9
-1.16475 7.6
-1.16451 7.3
-1.16427 7.0
-1.16402 6.7
-1.16378 6.4
-1.16353 6.1
-1.16329 5.7
-1.16305 5.4
-1.1628 5.0
-1.16256 4.6
-1.16231 4.3
-1.16207 3.9
-1.16183 3.5
-1.16158 3.1
-1.16134 2.7
-1.16109 2.3
-1.16085 1.8
-1.1606 1.4
-1.16036 1.0
-1.16012 0.6
-1.15987 0.2
-1.15963 -0.3
-1.15938 -0.7
-1.15914 -1.1
-1.1589 -1.5
-1.15865 -2.0
-1.15841 -2.4
-1.15816 -2.8
-1.15792 -3.2
-1.15767 -3.6
-1.15743 -4.0
-1.15719 -4.4
-1.15694 -4.7
-1.1567 -5.1
-1.15645 -5.5
-1.15621 -5.8
-1.15597 -6.2
-1.15572 -6.5
-1.15548 -6.8
-1.15523 -7.1
-1.15499 -7.4
-1.15475 -7.7
-1.1545 -8.0
-1.15426 -8.3
-1.15401 -8.5
-1.15377 -8.7
-1.15352 -8.9
-1.15328 -9.1
-1.15304 -9.3
-1.15279 -9.5
-1.15255 -9.6
-1.1523 -9.8
-1.15206 -9.9
-1.15182 -10.0
-1.15157 -10.1
-1.15133 -10.1
-1.15108 -10.2
-1.15084 -10.2
-1.15059 -10.2
-1.15035 -10.2
-1.15011 -10.2
-1.14986 -10.2
-1.14962 -10.1
-1.14937 -10.0
-1.14913 -9.9
-1.14889 -9.8
-1.14864 -9.7
-1.1484 -9.5
-1.14815 -9.4
-1.14791 -9.2
-1.14767 -9.0
-1.14742 -8.8
-1.14718 -8.6
-1.14693 -8.3
-1.14669 -8.1
-1.14644 -7.8
-1.1462 -7.5
-1.14596 -7.2
-1.14571 -6.9
-1.14547 -6.6
-1.14522 -6.3
-1.14498 -5.9
-1.14474 -5.6
-1.14449 -5.2
-1.14425 -4.9
-1.144 -4.5
-1.14376 -4.1
-1.14351 -3.7
-1.14327 -3.3
-1.14303 -2.9
-1.14278 -2.5
-1.14254 -2.1
-1.14229 -1.6
-1.14205 -1.2
-1.14181 -0.8
-1.14156 -0.4
-1.14132 0.0
-1.14107 0.5
-1.14083 0.9
-1.14058 1.3
-1.14034 1.8
-1.1401 2.2
-1.13985 2.6
-1.13961 3.0
-1.13936 3.4
-1.13912 3.8
-1.13888 4.2
-1.13863 4.6
-1.13839 5.0
-1.13814 5.4
-1.1379 5.7
-1.13766 6.1
-1.13741 6.4
-1.13717 6.7
-1.13692 7.1
-1.13668 7.4
-1.13643 7.6
-1.13619 7.9
-1.13595 8.2
-1.1357 8.4
-1.13546 8.7
-1.13521 8.9
-1.13497 9.1
-1.13473 9.3
-1.13448 9.5
-1.13424 9.6
-1.13399 9.8
-1.13375 9.9
-1.1335 10.0
-1.13326 10.1
-1.13302 10.2
-1.13277 10.2
-1.13253 10.2
-1.13228 10.3
-1.13204 10.3
-1.1318 10.2
-1.13155 10.2
-1.13131 10.2
-1.13106 10.1
-1.13082 10.0
-1.13058 9.9
-1.13033 9.8
-1.13009 9.6
-1.12984 9.5
-1.1296 9.3
-1.12935 9.1
-1.12911 8.9
-1.12887 8.7
-1.12862 8.4
-1.12838 8.2
-1.12813 7.9
-1.12789 7.6
-1.12765 7.3
-1.1274 7.0
-1.12716 6.7
-1.12691 6.4
-1.12667 6.0
-1.12642 5.7
-1.12618 5.3
-1.12594 4.9
-1.12569 4.5
-1.12545 4.1
-1.1252 3.7
-1.12496 3.3
-1.12472 2.9
-1.12447 2.5
-1.12423 2.1
-1.12398 1.7
-1.12374 1.2
-1.1235 0.8
-1.12325 0.4
-1.12301 0.0
-1.12276 -0.5
-1.12252 -0.9
-1.12227 -1.3
-1.12203 -1.8
-1.12179 -2.2
-1.12154 -2.6
-1.1213 -3.0
-1.12105 -3.4
-1.12081 -3.8
-1.12057 -4.2
-1.12032 -4.6
-1.12008 -5.0
-1.11983 -5.4
-1.11959 -5.7
-1.11934 -6.1
-1.1191 -6.4
-1.11886 -6.8
-1.11861 -7.1
-1.11837 -7.4
-1.11812 -7.7
-1.11788 -8.0
-1.11764 -8.2
-1.11739 -8.5
-1.11715 -8.7
-1.1169 -9.0
-1.11666 -9.2
-1.11642 -9.3
-1.11617 -9.5
-1.11593 -9.7
-1.11568 -9.8
-1.11544 -9.9
-1.11519 -10.0
-1.11495 -10.1
-1.11471 -10.2
-1.11446 -10.3
-1.11422 -10.3
-1.11397 -10.3
-1.11373 -10.3
-1.11349 -10.3
-1.11324 -10.2
-1.113 -10.2
-1.11275 -10.1
-1.11251 -10.0
-1.11226 -9.9
-1.11202 -9.8
-1.11178 -9.6
-1.11153 -9.5
-1.11129 -9.3
-1.11104 -9.1
-1.1108 -8.9
-1.11056 -8.6
-1.11031 -8.4
-1.11007 -8.1
-1.10982 -7.9
-1.10958 -7.6
-1.10933 -7.3
-1.10909 -6.9
-1.10885 -6.6
-1.1086 -6.3
-1.10836 -5.9
-1.10811 -5.6
-1.10787 -5.2
-1.10763 -4.8
-1.10738 -4.4
-1.10714 -4.0
-1.10689 -3.6
-1.10665 -3.2
-1.10641 -2.8
-1.10616 -2.4
-1.10592 -2.0
-1.10567 -1.5
-1.10543 -1.1
-1.10518 -0.7
-1.10494 -0.2
-1.1047 0.2
-1.10445 0.6
-1.10421 1.1
-1.10396 1.5
-1.10372 1.9
-1.10348 2.4
-1.10323 2.8
-1.10299 3.2
-1.10274 3.6
-1.1025 4.0
-1.10225 4.4
-1.10201 4.8
-1.10177 5.2
-1.10152 5.6
-1.10128 5.9
-1.10103 6.3
-1.10079 6.6
-1.10055 6.9
-1.1003 7.3
-1.10006 7.6
-1.09981 7.9
-1.09957 8.1
-1.09933 8.4
-1.09908 8.6
-1.09884 8.9
-1.09859 9.1
-1.09835 9.3
-1.0981 9.5
-1.09786 9.6
-1.09762 9.8
-1.09737 9.9
-1.09713 10.0
-1.09688 10.1
-1.09664 10.2
-1.0964 10.3
-1.09615 10.3
-1.09591 10.3
-1.09566 10.3
-1.09542 10.3
-1.09517 10.3
-1.09493 10.2
-1.09469 10.2
-1.09444 10.1
-1.0942 10.0
-1.09395 9.9
-1.09371 9.7
-1.09347 9.6
-1.09322 9.4
-1.09298 9.2
-1.09273 9.0
-1.09249 8.7
-1.09225 8.5
-1.092 8.2
-1.09176 8.0
-1.09151 7.7
-1.09127 7.4
-1.09102 7.1
-1.09078 6.8
-1.09054 6.4
-1.09029 6.1
-1.09005 5.7
-1.0898 5.3
-1.08956 4.9
-1.08932 4.6
-1.08907 4.2
-1.08883 3.8
-1.08858 3.3
-1.08834 2.9
-1.08809 2.5
-1.08785 2.1
-1.08761 1.6
-1.08736 1.2
-1.08712 0.8
-1.08687 0.3
-1.08663 -0.1
-1.08639 -0.6
-1.08614 -1.0
-1.0859 -1.4
-1.08565 -1.9
-1.08541 -2.3
-1.08517 -2.7
-1.08492 -3.1
-1.08468 -3.6
-1.08443 -4.0
-1.08419 -4.4
-1.08394 -4.8
-1.0837 -5.2
-1.08346 -5.5
-1.08321 -5.9
-1.08297 -6.3
-1.08272 -6.6
-1.08248 -6.9
-1.08224 -7.3
-1.08199 -7.6
-1.08175 -7.9
-1.0815 -8.1
-1.08126 -8.4
-1.08101 -8.7
-1.08077 -8.9
-1.08053 -9.1
-1.08028 -9.3
-1.08004 -9.5
-1.07979 -9.7
-1.07955 -9.8
-1.07931 -10.0
-1.07906 -10.1
-1.07882 -10.2
-1.07857 -10.2
-1.07833 -10.3
-1.07808 -10.3
-1.07784 -10.4
-1.0776 -10.4
-1.07735 -10.4
-1.07711 -10.3
-1.07686 -10.3
-1.07662 -10.2
-1.07638 -10.1
-1.07613 -10.0
-1.07589 -9.9
-1.07564 -9.7
-1.0754 -9.6
-1.07516 -9.4
-1.07491 -9.2
-1.07467 -9.0
-1.07442 -8.8
-1.07418 -8.5
-1.07393 -8.3
-1.07369 -8.0
-1.07345 -7.7
-1.0732 -7.4
-1.07296 -7.1
-1.07271 -6.7
-1.07247 -6.4
-1.07223 -6.0
-1.07198 -5.7
-1.07174 -5.3
-1.07149 -4.9
-1.07125 -4.5
-1.071 -4.1
-1.07076 -3.7
-1.07052 -3.3
-1.07027 -2.9
-1.07003 -2.4
-1.06978 -2.0
-1.06954 -1.6
-1.0693 -1.1
-1.06905 -0.7
-1.06881 -0.2
-1.06856 0.2
-1.06832 0.7
-1.06808 1.1
-1.06783 1.5
-1.06759 2.0
-1.06734 2.4
-1.0671 2.8
-1.06685 3.3
-1.06661 3.7
-1.06637 4.1
-1.06612 4.5
-1.06588 4.9
-1.06563 5.3
-1.06539 5.7
-1.06515 6.0
-1.0649 6.4
-1.06466 6.7
-1.06441 7.1
-1.06417 7.4
-1.06392 7.7
-1.06368 8.0
-1.06344 8.3
-1.06319 8.5
-1.06295 8.8
-1.0627 9.0
-1.06246 9.2
-1.06222 9.4
-1.06197 9.6
-1.06173 9.8
-1.06148 9.9
-1.06124 10.0
-1.061 10.1
-1.06075 10.2
-1.06051 10.3
-1.06026 10.4
-1.06002 10.4
-1.05977 10.4
-1.05953 10.4
-1.05929 10.4
-1.05904 10.3
-1.0588 10.3
-1.05855 10.2
-1.05831 10.1
-1.05807 10.0
-1.05782 9.9
-1.05758 9.7
-1.05733 9.5
-1.05709 9.3
-1.05684 9.1
-1.0566 8.9
-1.05636 8.7
-1.05611 8.4
-1.05587 8.1
-1.05562 7.9
-1.05538 7.6
-1.05514 7.2
-1.05489 6.9
-1.05465 6.6
-1.0544 6.2
-1.05416 5.9
-1.05392 5.5
-1.05367 5.1
-1.05343 4.7
-1.05318 4.3
-1.05294 3.9
-1.05269 3.5
-1.05245 3.0
-1.05221 2.6
-1.05196 2.2
-1.05172 1.7
-1.05147 1.3
-1.05123 0.8
-1.05099 0.4
-1.05074 0.0
-1.0505 -0.5
-1.05025 -0.9
-1.05001 -1.4
-1.04976 -1.8
-1.04952 -2.3
-1.04928 -2.7
-1.04903 -3.1
-1.04879 -3.6
-1.04854 -4.0
-1.0483 -4.4
-1.04806 -4.8
-1.04781 -5.2
-1.04757 -5.6
-1.04732 -5.9
-1.04708 -6.3
-1.04683 -6.7
-1.04659 -7.0
-1.04635 -7.3
-1.0461 -7.6
-1.04586 -7.9
-1.04561 -8.2
-1.04537 -8.5
-1.04513 -8.8
-1.04488 -9.0
-1.04464 -9.2
-1.04439 -9.4
-1.04415 -9.6
-1.04391 -9.8
-1.04366 -9.9
-1.04342 -10.1
-1.04317 -10.2
-1.04293 -10.3
-1.04268 -10.3
-1.04244 -10.4
-1.0422 -10.4
-1.04195 -10.5
-1.04171 -10.5
-1.04146 -10.4
-1.04122 -10.4
-1.04098 -10.3
-1.04073 -10.3
-1.04049 -10.2
-1.04024 -10.0
-1.04 -9.9
-1.03975 -9.8
-1.03951 -9.6
-1.03927 -9.4
-1.03902 -9.2
-1.03878 -9.0
-1.03853 -8.7
-1.03829 -8.5
-1.03805 -8.2
-1.0378 -7.9
-1.03756 -7.6
-1.03731 -7.3
-1.03707 -7.0
-1.03683 -6.6
-1.03658 -6.3
-1.03634 -5.9
-1.03609 -5.5
-1.03585 -5.1
-1.0356 -4.7
-1.03536 -4.3
-1.03512 -3.9
-1.03487 -3.5
-1.03463 -3.0
-1.03438 -2.6
-1.03414 -2.2
-1.0339 -1.7
-1.03365 -1.3
-1.03341 -0.8
-1.03316 -0.4
-1.03292 0.0
-1.03267 0.5
-1.03243 1.0
-1.03219 1.4
-1.03194 1.9
-1.0317 2.3
-1.03145 2.8
-1.03121 3.2
-1.03097 3.6
-1.03072 4.0
-1.03048 4.5
-1.03023 4.9
-1.02999 5.3
-1.02975 5.6
-1.0295 6.0
-1.02926 6.4
-1.02901 6.7
-1.02877 7.1
-1.02852 7.4
-1.02828 7.7
-1.02804 8.0
-1.02779 8.3
-1.02755 8.6
-1.0273 8.8
-1.02706 9.1
-1.02682 9.3
-1.02657 9.5
-1.02633 9.7
-1.02608 9.8
-1.02584 10.0
-1.02559 10.1
-1.02535 10.2
-1.02511 10.3
-1.02486 10.4
-1.02462 10.4
-1.02437 10.5
-1.02413 10.5
-1.02389 10.5
-1.02364 10.5
-1.0234 10.4
-1.02315 10.4
-1.02291 10.3
-1.02267 10.2
-1.02242 10.0
-1.02218 9.9
-1.02193 9.7
-1.02169 9.6
-1.02144 9.4
-1.0212 9.1
-1.02096 8.9
-1.02071 8.7
-1.02047 8.4
-1.02022 8.1
-1.01998 7.8
-1.01974 7.5
-1.01949 7.2
-1.01925 6.8
-1.019 6.5
-1.01876 6.1
-1.01851 5.8
-1.01827 5.4
-1.01803 5.0
-1.01778 4.6
-1.01754 4.1
-1.01729 3.7
-1.01705 3.3
-1.01681 2.9
-1.01656 2.4
-1.01632 2.0
-1.01607 1.5
-1.01583 1.1
-1.01558 0.6
-1.01534 0.2
-1.0151 -0.3
-1.01485 -0.8
-1.01461 -1.2
-1.01436 -1.7
-1.01412 -2.1
-1.01388 -2.6
-1.01363 -3.0
-1.01339 -3.4
-1.01314 -3.9
-1.0129 -4.3
-1.01266 -4.7
-1.01241 -5.1
-1.01217 -5.5
-1.01192 -5.9
-1.01168 -6.3
-1.01143 -6.6
-1.01119 -7.0
-1.01095 -7.3
-1.0107 -7.6
-1.01046 -7.9
-1.01021 -8.2
-1.00997 -8.5
-1.00973 -8.8
-1.00948 -9.0
-1.00924 -9.3
-1.00899 -9.5
-1.00875 -9.7
-1.0085 -9.8
-1.00826 -10.0
-1.00802 -10.1
-1.00777 -10.2
-1.00753 -10.3
-1.00728 -10.4
-1.00704 -10.5
-1.0068 -10.5
-1.00655 -10.5
-1.00631 -10.5
-1.00606 -10.5
-1.00582 -10.5
-1.00558 -10.4
-1.00533 -10.3
-1.00509 -10.2
-1.00484 -10.1
-1.0046 -10.0
-1.00435 -9.8
-1.00411 -9.6
-1.00387 -9.4
-1.00362 -9.2
-1.00338 -9.0
-1.00313 -8.8
-1.00289 -8.5
-1.00265 -8.2
-1.0024 -7.9
-1.00216 -7.6
-1.00191 -7.3
-1.00167 -6.9
-1.00142 -6.6
-1.00118 -6.2
-1.00094 -5.8
-1.00069 -5.4
-1.00045 -5.0
-1.0002 -4.6
-0.99996 -4.2
-0.99972 -3.8
-0.99947 -3.4
-0.99923 -2.9
-0.99898 -2.5
-0.99874 -2.0
-0.9985 -1.6
-0.99825 -1.1
-0.99801 -0.7
-0.99776 -0.2
-0.99752 0.3
-0.99727 0.7
-0.99703 1.2
-0.99679 1.6
-0.99654 2.1
-0.9963 2.6
-0.99605 3.0
-0.99581 3.4
-0.99557 3.9
-0.99532 4.3
-0.99508 4.7
-0.99483 5.1
-0.99459 5.5
-0.99434 5.9
-0.9941 6.3
-0.99386 6.7
-0.99361 7.0
-0.99337 7.4
-0.99312 7.7
-0.99288 8.0
-0.99264 8.3
-0.99239 8.6
-0.99215 8.8
-0.9919 9.1
-0.99166 9.3
-0.99142 9.5
-0.99117 9.7
-0.99093 9.9
-0.99068 10.0
-0.99044 10.2
-0.99019 10.3
-0.98995 10.4
-0.98971 10.5
-0.98946 10.5
-0.98922 10.6
-0.98897 10.6
-0.98873 10.6
-0.98849 10.5
-0.98824 10.5
-0.988 10.4
-0.98775 10.4
-0.98751 10.3
-0.98726 10.1
-0.98702 10.0
-0.98678 9.8
-0.98653 9.6
-0.98629 9.4
-0.98604 9.2
-0.9858 9.0
-0.98556 8.7
-0.98531 8.5
-0.98507 8.2
-0.98482 7.9
-0.98458 7.5
-0.98433 7.2
-0.98409 6.9
-0.98385 6.5
-0.9836 6.1
-0.98336 5.7
-0.98311 5.4
-0.98287 4.9
-0.98263 4.5
-0.98238 4.1
-0.98214 3.7
-0.98189 3.2
-0.98165 2.8
-0.98141 2.3
-0.98116 1.9
-0.98092 1.4
-0.98067 1.0
-0.98043 0.5
-0.98018 0.0
-0.97994 -0.4
-0.9797 -0.9
-0.97945 -1.4
-0.97921 -1.8
-0.97896 -2.3
-0.97872 -2.7
-0.97848 -3.2
-0.97823 -3.6
-0.97799 -4.1
-0.97774 -4.5
-0.9775 -4.9
-0.97725 -5.3
-0.97701 -5.7
-0.97677 -6.1
-0.97652 -6.5
-0.97628 -6.8
-0.97603 -7.2
-0.97579 -7.5
-0.97555 -7.9
-0.9753 -8.2
-0.97506 -8.5
-0.97481 -8.7
-0.97457 -9.0
-0.97433 -9.2
-0.97408 -9.5
-0.97384 -9.7
-0.97359 -9.8
-0.97335 -10.0
-0.9731 -10.2
-0.97286 -10.3
-0.97262 -10.4
-0.97237 -10.5
-0.97213 -10.5
-0.97188 -10.6
-0.97164 -10.6
-0.9714 -10.6
-0.97115 -10.6
-0.97091 -10.6
-0.97066 -10.5
-0.97042 -10.4
-0.97017 -10.3
-0.96993 -10.2
-0.96969 -10.1
-0.96944 -9.9
-0.9692 -9.7
-0.96895 -9.5
-0.96871 -9.3
-0.96847 -9.1
-0.96822 -8.9
-0.96798 -8.6
-0.96773 -8.3
-0.96749 -8.0
-0.96725 -7.7
-0.967 -7.3
-0.96676 -7.0
-0.96651 -6.6
-0.96627 -6.3
-0.96602 -5.9
-0.96578 -5.5
-0.96554 -5.1
-0.96529 -4.7
-0.96505 -4.2
-0.9648 -3.8
-0.96456 -3.4
-0.96432 -2.9
-0.96407 -2.5
-0.96383 -2.0
-0.96358 -1.5
-0.96334 -1.1
-0.96309 -0.6
-0.96285 -0.1
-0.96261 0.3
-0.96236 0.8
-0.96212 1.3
-0.96187 1.8
-0.96163 2.2
-0.96139 2.7
-0.96114 3.1
-0.9609 3.6
-0.96065 4.0
-0.96041 4.5
-0.96017 4.9
-0.95992 5.3
-0.95968 5.7
-0.95943 6.1
-0.95919 6.5
-0.95894 6.8
-0.9587 7.2
-0.95846 7.5
-0.95821 7.9
-0.95797 8.2
-0.95772 8.5
-0.95748 8.7
-0.95724 9.0
-0.95699 9.3
-0.95675 9.5
-0.9565 9.7
-0.95626 9.9
-0.95601 10.0
-0.95577 10.2
-0.95553 10.3
-0.95528 10.4
-0.95504 10.5
-0.95479 10.6
-0.95455 10.6
-0.95431 10.7
-0.95406 10.7
-0.95382 10.6
-0.95357 10.6
-0.95333 10.5
-0.95308 10.5
-0.95284 10.4
-0.9526 10.3
-0.95235 10.1
-0.95211 9.9
-0.95186 9.8
-0.95162 9.6
-0.95138 9.4
-0.95113 9.1
-0.95089 8.9
-0.95064 8.6
-0.9504 8.3
-0.95016 8.0
-0.94991 7.7
-0.94967 7.3
-0.94942 7.0
-0.94918 6.6
-0.94893 6.2
-0.94869 5.8
-0.94845 5.4
-0.9482 5.0
-0.94796 4.6
-0.94771 4.2
-0.94747 3.7
-0.94723 3.3
-0.94698 2.8
-0.94674 2.4
-0.94649 1.9
-0.94625 1.4
-0.946 1.0
-0.94576 0.5
-0.94552 0.0
-0.94527 -0.5
-0.94503 -0.9
-0.94478 -1.4
-0.94454 -1.9
-0.9443 -2.3
-0.94405 -2.8
-0.94381 -3.3
-0.94356 -3.7
-0.94332 -4.2
-0.94308 -4.6
-0.94283 -5.0
-0.94259 -5.4
-0.94234 -5.8
-0.9421 -6.2
-0.94185 -6.6
-0.94161 -7.0
-0.94137 -7.3
-0.94112 -7.7
-0.94088 -8.0
-0.94063 -8.3
-0.94039 -8.6
-0.94015 -8.9
-0.9399 -9.1
-0.93966 -9.4
-0.93941 -9.6
-0.93917 -9.8
-0.93892 -10.0
-0.93868 -10.1
-0.93844 -10.3
-0.93819 -10.4
-0.93795 -10.5
-0.9377 -10.6
-0.93746 -10.7
-0.93722 -10.7
-0.93697 -10.7
-0.93673 -10.7
-0.93648 -10.7
-0.93624 -10.6
-0.936 -10.6
-0.93575 -10.5
-0.93551 -10.4
-0.93526 -10.2
-0.93502 -10.1
-0.93477 -9.9
-0.93453 -9.7
-0.93429 -9.5
-0.93404 -9.3
-0.9338 -9.0
-0.93355 -8.8
-0.93331 -8.5
-0.93307 -8.2
-0.93282 -7.8
-0.93258 -7.5
-0.93233 -7.2
-0.93209 -6.8
-0.93184 -6.4
-0.9316 -6.0
-0.93136 -5.6
-0.93111 -5.2
-0.93087 -4.8
-0.93062 -4.4
-0.93038 -3.9
-0.93014 -3.5
-0.92989 -3.0
-0.92965 -2.5
-0.9294 -2.1
-0.92916 -1.6
-0.92892 -1.1
-0.92867 -0.6
-0.92843 -0.2
-0.92818 0.3
-0.92794 0.8
-0.92769 1.3
-0.92745 1.7
-0.92721 2.2
-0.92696 2.7
-0.92672 3.2
-0.92647 3.6
-0.92623 4.1
-0.92599 4.5
-0.92574 4.9
-0.9255 5.4
-0.92525 5.8
-0.92501 6.2
-0.92476 6.6
-0.92452 6.9
-0.92428 7.3
-0.92403 7.6
-0.92379 8.0
-0.92354 8.3
-0.9233 8.6
-0.92306 8.9
-0.92281 9.1
-0.92257 9.4
-0.92232 9.6
-0.92208 9.8
-0.92183 10.0
-0.92159 10.2
-0.92135 10.3
-0.9211 10.4
-0.92086 10.5
-0.92061 10.6
-0.92037 10.7
-0.92013 10.7
-0.91988 10.7
-0.91964 10.7
-0.91939 10.7
-0.91915 10.7
-0.91891 10.6
-0.91866 10.5
-0.91842 10.4
-0.91817 10.3
-0.91793 10.1
-0.91768 10.0
-0.91744 9.8
-0.9172 9.5
-0.91695 9.3
-0.91671 9.1
-0.91646 8.8
-0.91622 8.5
-0.91598 8.2
-0.91573 7.9
-0.91549 7.5
-0.91524 7.2
-0.915 6.8
-0.91475 6.4
-0.91451 6.0
-0.91427 5.6
-0.91402 5.2
-0.91378 4.8
-0.91353 4.4
-0.91329 3.9
-0.91305 3.5
-0.9128 3.0
-0.91256 2.5
-0.91231 2.0
-0.91207 1.6
-0.91183 1.1
-0.91158 0.6
-0.91134 0.1
-0.91109 -0.4
-0.91085 -0.9
-0.9106 -1.3
-0.91036 -1.8
-0.91012 -2.3
-0.90987 -2.8
-0.90963 -3.2
-0.90938 -3.7
-0.90914 -4.2
-0.9089 -4.6
-0.90865 -5.0
-0.90841 -5.5
-0.90816 -5.9
-0.90792 -6.3
-0.90767 -6.7
-0.90743 -7.0
-0.90719 -7.4
-0.90694 -7.7
-0.9067 -8.1
-0.90645 -8.4
-0.90621 -8.7
-0.90597 -9.0
-0.90572 -9.2
-0.90548 -9.5
-0.90523 -9.7
-0.90499 -9.9
-0.90475 -10.1
-0.9045 -10.3
-0.90426 -10.4
-0.90401 -10.5
-0.90377 -10.6
-0.90352 -10.7
-0.90328 -10.7
-0.90304 -10.8
-0.90279 -10.8
-0.90255 -10.8
-0.9023 -10.8
-0.90206 -10.7
-0.90182 -10.6
-0.90157 -10.5
-0.90133 -10.4
-0.90108 -10.3
-0.90084 -10.1
-0.90059 -9.9
-0.90035 -9.7
-0.90011 -9.5
-0.89986 -9.2
-0.89962 -9.0
-0.89937 -8.7
-0.89913 -8.4
-0.89889 -8.1
-0.89864 -7.8
-0.8984 -7.4
-0.89815 -7.1
-0.89791 -6.7
-0.89767 -6.3
-0.89742 -5.9
-0.89718 -5.5
-0.89693 -5.0
-0.89669 -4.6
-0.89644 -4.1
-0.8962 -3.7
-0.89596 -3.2
-0.89571 -2.8
-0.89547 -2.3
-0.89522 -1.8
-0.89498 -1.3
-0.89474 -0.8
-0.89449 -0.3
-0.89425 0.2
-0.894 0.7
-0.89376 1.1
-0.89351 1.6
-0.89327 2.1
-0.89303 2.6
-0.89278 3.1
-0.89254 3.5
-0.89229 4.0
-0.89205 4.4
-0.89181 4.9
-0.89156 5.3
-0.89132 5.7
-0.89107 6.2
-0.89083 6.6
-0.89058 6.9
-0.89034 7.3
-0.8901 7.7
-0.88985 8.0
-0.88961 8.3
-0.88936 8.6
-0.88912 8.9
-0.88888 9.2
-0.88863 9.4
-0.88839 9.7
-0.88814 9.9
-0.8879 10.1
-0.88766 10.3
-0.88741 10.4
-0.88717 10.5
-0.88692 10.6
-0.88668 10.7
-0.88643 10.8
-0.88619 10.8
-0.88595 10.8
-0.8857 10.8
-0.88546 10.8
-0.88521 10.8
-0.88497 10.7
-0.88473 10.6
-0.88448 10.5
-0.88424 10.3
-0.88399 10.2
-0.88375 10.0
-0.8835 9.8
-0.88326 9.6
-0.88302 9.3
-0.88277 9.1
-0.88253 8.8
-0.88228 8.5
-0.88204 8.2
-0.8818 7.8
-0.88155 7.5
-0.88131 7.1
-0.88106 6.7
-0.88082 6.3
-0.88058 5.9
-0.88033 5.5
-0.88009 5.1
-0.87984 4.6
-0.8796 4.2
-0.87935 3.7
-0.87911 3.3
-0.87887 2.8
-0.87862 2.3
-0.87838 1.8
-0.87813 1.3
-0.87789 0.8
-0.87765 0.3
-0.8774 -0.2
-0.87716 -0.7
-0.87691 -1.2
-0.87667 -1.6
-0.87642 -2.1
-0.87618 -2.6
-0.87594 -3.1
-0.87569 -3.6
-0.87545 -4.0
-0.8752 -4.5
-0.87496 -4.9
-0.87472 -5.4
-0.87447 -5.8
-0.87423 -6.2
-0.87398 -6.6
-0.87374 -7.0
-0.8735 -7.4
-0.87325 -7.7
-0.87301 -8.1
-0.87276 -8.4
-0.87252 -8.7
-0.87227 -9.0
-0.87203 -9.3
-0.87179 -9.5
-0.87154 -9.8
-0.8713 -10.0
-0.87105 -10.2
-0.87081 -10.3
-0.87057 -10.5
-0.87032 -10.6
-0.87008 -10.7
-0.86983 -10.8
-0.86959 -10.8
-0.86934 -10.9
-0.8691 -10.9
-0.86886 -10.9
-0.86861 -10.8
-0.86837 -10.8
-0.86812 -10.7
-0.86788 -10.6
-0.86764 -10.5
-0.86739 -10.3
-0.86715 -10.2
-0.8669 -10.0
-0.86666 -9.8
-0.86642 -9.5
-0.86617 -9.3
-0.86593 -9.0
-0.86568 -8.7
-0.86544 -8.4
-0.86519 -8.1
-0.86495 -7.7
-0.86471 -7.4
-0.86446 -7.0
-0.86422 -6.6
-0.86397 -6.2
-0.86373 -5.8
-0.86349 -5.4
-0.86324 -4.9
-0.863 -4.5
-0.86275 -4.0
-0.86251 -3.5
-0.86226 -3.1
-0.86202 -2.6
-0.86178 -2.1
-0.86153 -1.6
-0.86129 -1.1
-0.86104 -0.6
-0.8608 -0.1
-0.86056 0.4
-0.86031 0.9
-0.86007 1.4
-0.85982 1.9
-0.85958 2.4
-0.85933 2.9
-0.85909 3.4
-0.85885 3.8
-0.8586 4.3
-0.85836 4.8
-0.85811 5.2
-0.85787 5.6
-0.85763 6.1
-0.85738 6.5
-0.85714 6.9
-0.85689 7.3
-0.85665 7.6
-0.85641 8.0
-0.85616 8.3
-0.85592 8.6
-0.85567 8.9
-0.85543 9.2
-0.85518 9.5
-0.85494 9.7
-0.8547 9.9
-0.85445 10.1
-0.85421 10.3
-0.85396 10.5
-0.85372 10.6
-0.85348 10.7
-0.85323 10.8
-0.85299 10.9
-0.85274 10.9
-0.8525 10.9
-0.85225 10.9
-0.85201 10.9
-0.85177 10.8
-0.85152 10.8
-0.85128 10.7
-0.85103 10.6
-0.85079 10.4
-0.85055 10.3
-0.8503 10.1
-0.85006 9.9
-0.84981 9.6
-0.84957 9.4
-0.84933 9.1
-0.84908 8.8
-0.84884 8.5
-0.84859 8.2
-0.84835 7.9
-0.8481 7.5
-0.84786 7.1
-0.84762 6.7
-0.84737 6.3
-0.84713 5.9
-0.84688 5.5
-0.84664 5.0
-0.8464 4.6
-0.84615 4.1
-0.84591 3.6
-0.84566 3.1
-0.84542 2.7
-0.84517 2.2
-0.84493 1.7
-0.84469 1.2
-0.84444 0.7
-0.8442 0.2
-0.84395 -0.4
-0.84371 -0.9
-0.84347 -1.4
-0.84322 -1.9
-0.84298 -2.4
-0.84273 -2.9
-0.84249 -3.3
-0.84225 -3.8
-0.842 -4.3
-0.84176 -4.8
-0.84151 -5.2
-0.84127 -5.7
-0.84102 -6.1
-0.84078 -6.5
-0.84054 -6.9
-0.84029 -7.3
-0.84005 -7.7
-0.8398 -8.0
-0.83956 -8.4
-0.83932 -8.7
-0.83907 -9.0
-0.83883 -9.3
-0.83858 -9.5
-0.83834 -9.8
-0.83809 -10.0
-0.83785 -10.2
-0.83761 -10.4
-0.83736 -10.5
-0.83712 -10.7
-0.83687 -10.8
-0.83663 -10.9
-0.83639 -10.9
-0.83614 -11.0
-0.8359 -11.0
-0.83565 -11.0
-0.83541 -10.9
-0.83517 -10.9
-0.83492 -10.8
-0.83468 -10.7
-0.83443 -10.6
-0.83419 -10.4
-0.83394 -10.3
-0.8337 -10.1
-0.83346 -9.9
-0.83321 -9.6
-0.83297 -9.4
-0.83272 -9.1
-0.83248 -8.8
-0.83224 -8.5
-0.83199 -8.1
-0.83175 -7.8
-0.8315 -7.4
-0.83126 -7.0
-0.83101 -6.6
-0.83077 -6.2
-0.83053 -5.8
-0.83028 -5.4
-0.83004 -4.9
-0.82979 -4.4
-0.82955 -4.0
-0.82931 -3.5
-0.82906 -3.0
-0.82882 -2.5
-0.82857 -2.0
-0.82833 -1.5
-0.82808 -1.0
-0.82784 -0.5
-0.8276 0.0
-0.82735 0.5
-0.82711 1.1
-0.82686 1.6
-0.82662 2.1
-0.82638 2.6
-0.82613 3.1
-0.82589 3.6
-0.82564 4.0
-0.8254 4.5
-0.82516 5.0
-0.82491 5.4
-0.82467 5.9
-0.82442 6.3
-0.82418 6.7
-0.82393 7.1
-0.82369 7.5
-0.82345 7.9
-0.8232 8.2
-0.82296 8.6
-0.82271 8.9
-0.82247 9.2
-0.82223 9.4
-0.82198 9.7
-0.82174 9.9
-0.82149 10.1
-0.82125 10.3
-0.821 10.5
-0.82076 10.7
-0.82052 10.8
-0.82027 10.9
-0.82003 10.9
-0.81978 11.0
-0.81954 11.0
-0.8193 11.0
-0.81905 11.0
-0.81881 11.0
-0.81856 10.9
-0.81832 10.8
-0.81808 10.7
-0.81783 10.5
-0.81759 10.4
-0.81734 10.2
-0.8171 10.0
-0.81685 9.8
-0.81661 9.5
-0.81637 9.2
-0.81612 8.9
-0.81588 8.6
-0.81563 8.3
-0.81539 7.9
-0.81515 7.6
-0.8149 7.2
-0.81466 6.8
-0.81441 6.4
-0.81417 5.9
-0.81392 5.5
-0.81368 5.0
-0.81344 4.6
-0.81319 4.1
-0.81295 3.6
-0.8127 3.1
-0.81246 2.6
-0.81222 2.1
-0.81197 1.6
-0.81173 1.1
-0.81148 0.6
-0.81124 0.0
-0.811 -0.5
-0.81075 -1.0
-0.81051 -1.5
-0.81026 -2.0
-0.81002 -2.5
-0.80977 -3.0
-0.80953 -3.5
-0.80929 -4.0
-0.80904 -4.5
-0.8088 -5.0
-0.80855 -5.4
-0.80831 -5.9
-0.80807 -6.3
-0.80782 -6.7
-0.80758 -7.1
-0.80733 -7.5
-0.80709 -7.9
-0.80684 -8.2
-0.8066 -8.6
-0.80636 -8.9
-0.80611 -9.2
-0.80587 -9.5
-0.80562 -9.7
-0.80538 -10.0
-0.80514 -10.2
-0.80489 -10.4
-0.80465 -10.6
-0.8044 -10.7
-0.80416 -10.8
-0.80392 -10.9
-0.80367 -11.0
-0.80343 -11.0
-0.80318 -11.1
-0.80294 -11.1
-0.80269 -11.1
-0.80245 -11.0
-0.80221 -10.9
-0.80196 -10.8
-0.80172 -10.7
-0.80147 -10.6
-0.80123 -10.4
-0.80099 -10.2
-0.80074 -10.0
-0.8005 -9.8
-0.80025 -9.5
-0.80001 -9.2
-0.79976 -8.9
-0.79952 -8.6
-0.79928 -8.3
-0.79903 -7.9
-0.79879 -7.5
-0.79854 -7.1
-0.7983 -6.7
-0.79806 -6.3
-0.79781 -5.9
-0.79757 -5.4
-0.79732 -5.0
-0.79708 -4.5
-0.79683 -4.0
-0.79659 -3.5
-0.79635 -3.0
-0.7961 -2.5
-0.79586 -2.0
-0.79561 -1.5
-0.79537 -1.0
-0.79513 -0.4
-0.79488 0.0
-0.79464 0.6
-0.79439 1.1
-0.79415 1.7
-0.79391 2.2
-0.79366 2.7
-0.79342 3.2
-0.79317 3.7
-0.79293 4.2
-0.79268 4.7
-0.79244 5.1
-0.7922 5.6
-0.79195 6.0
-0.79171 6.5
-0.79146 6.9
-0.79122 7.3
-0.79098 7.7
-0.79073 8.1
-0.79049 8.4
-0.79024 8.8
-0.79 9.1
-0.78975 9.4
-0.78951 9.6
-0.78927 9.9
-0.78902 10.1
-0.78878 10.3
-0.78853 10.5
-0.78829 10.7
-0.78805 10.8
-0.7878 10.9
-0.78756 11.0
-0.78731 11.1
-0.78707 11.1
-0.78683 11.1
-0.78658 11.1
-0.78634 11.1
-0.78609 11.0
-0.78585 10.9
-0.7856 10.8
-0.78536 10.7
-0.78512 10.5
-0.78487 10.3
-0.78463 10.1
-0.78438 9.9
-0.78414 9.7
-0.7839 9.4
-0.78365 9.1
-0.78341 8.8
-0.78316 8.4
-0.78292 8.1
-0.78267 7.7
-0.78243 7.3
-0.78219 6.9
-0.78194 6.5
-0.7817 6.1
-0.78145 5.6
-0.78121 5.1
-0.78097 4.7
-0.78072 4.2
-0.78048 3.7
-0.78023 3.2
-0.77999 2.7
-0.77975 2.2
-0.7795 1.6
-0.77926 1.1
-0.77901 0.6
-0.77877 0.0
-0.77852 -0.5
-0.77828 -1.0
-0.77804 -1.5
-0.77779 -2.1
-0.77755 -2.6
-0.7773 -3.1
-0.77706 -3.6
-0.77682 -4.1
-0.77657 -4.6
-0.77633 -5.1
-0.77608 -5.5
-0.77584 -6.0
-0.77559 -6.4
-0.77535 -6.9
-0.77511 -7.3
-0.77486 -7.7
-0.77462 -8.1
-0.77437 -8.4
-0.77413 -8.8
-0.77389 -9.1
-0.77364 -9.4
-0.7734 -9.7
-0.77315 -9.9
-0.77291 -10.1
-0.77267 -10.4
-0.77242 -10.5
-0.77218 -10.7
-0.77193 -10.9
-0.77169 -11.0
-0.77144 -11.1
-0.7712 -11.1
-0.77096 -11.2
-0.77071 -11.2
-0.77047 -11.2
-0.77022 -11.1
-0.76998 -11.1
-0.76974 -11.0
-0.76949 -10.9
-0.76925 -10.7
-0.769 -10.6
-0.76876 -10.4
-0.76851 -10.2
-0.76827 -9.9
-0.76803 -9.7
-0.76778 -9.4
-0.76754 -9.1
-0.76729 -8.8
-0.76705 -8.5
-0.76681 -8.1
-0.76656 -7.7
-0.76632 -7.3
-0.76607 -6.9
-0.76583 -6.5
-0.76558 -6.0
-0.76534 -5.6
-0.7651 -5.1
-0.76485 -4.6
-0.76461 -4.1
-0.76436 -3.6
-0.76412 -3.1
-0.76388 -2.6
-0.76363 -2.1
-0.76339 -1.5
-0.76314 -1.0
-0.7629 -0.5
-0.76266 0.0
-0.76241 0.6
-0.76217 1.1
-0.76192 1.7
-0.76168 2.2
-0.76143 2.7
-0.76119 3.2
-0.76095 3.7
-0.7607 4.3
-0.76046 4.7
-0.76021 5.2
-0.75997 5.7
-0.75973 6.2
-0.75948 6.6
-0.75924 7.0
-0.75899 7.4
-0.75875 7.8
-0.7585 8.2
-0.75826 8.6
-0.75802 8.9
-0.75777 9.2
-0.75753 9.5
-0.75728 9.8
-0.75704 10.0
-0.7568 10.3
-0.75655 10.5
-0.75631 10.7
-0.75606 10.8
-0.75582 11.0
-0.75558 11.1
-0.75533 11.1
-0.75509 11.2
-0.75484 11.2
-0.7546 11.2
-0.75435 11.2
-0.75411 11.2
-0.75387 11.1
-0.75362 11.0
-0.75338 10.9
-0.75313 10.7
-0.75289 10.5
-0.75265 10.3
-0.7524 10.1
-0.75216 9.9
-0.75191 9.6
-0.75167 9.3
-0.75142 9.0
-0.75118 8.7
-0.75094 8.3
-0.75069 7.9
-0.75045 7.5
-0.7502 7.1
-0.74996 6.7
-0.74972 6.2
-0.74947 5.8
-0.74923 5.3
-0.74898 4.8
-0.74874 4.3
-0.7485 3.8
-0.74825 3.3
-0.74801 2.8
-0.74776 2.3
-0.74752 1.7
-0.74727 1.2
-0.74703 0.7
-0.74679 0.1
-0.74654 -0.4
-0.7463 -1.0
-0.74605 -1.5
-0.74581 -2.0
-0.74557 -2.6
-0.74532 -3.1
-0.74508 -3.6
-0.74483 -4.1
-0.74459 -4.6
-0.74434 -5.1
-0.7441 -5.6
-0.74386 -6.1
-0.74361 -6.5
-0.74337 -7.0
-0.74312 -7.4
-0.74288 -7.8
-0.74264 -8.2
-0.74239 -8.5
-0.74215 -8.9
-0.7419 -9.2
-0.74166 -9.5
-0.74142 -9.8
-0.74117 -10.1
-0.74093 -10.3
-0.74068 -10.5
-0.74044 -10.7
-0.74019 -10.9
-0.73995 -11.0
-0.73971 -11.1
-0.73946 -11.2
-0.73922 -11.2
-0.73897 -11.3
-0.73873 -11.3
-0.73849 -11.3
-0.73824 -11.2
-0.738 -11.1
-0.73775 -11.0
-0.73751 -10.9
-0.73726 -10.8
-0.73702 -10.6
-0.73678 -10.4
-0.73653 -10.2
-0.73629 -9.9
-0.73604 -9.6
-0.7358 -9.3
-0.73556 -9.0
-0.73531 -8.7
-0.73507 -8.3
-0.73482 -7.9
-0.73458 -7.5
-0.73433 -7.1
-0.73409 -6.7
-0.73385 -6.3
-0.7336 -5.8
-0.73336 -5.3
-0.73311 -4.8
-0.73287 -4.3
-0.73263 -3.8
-0.73238 -3.3
-0.73214 -2.8
-0.73189 -2.2
-0.73165 -1.7
-0.73141 -1.1
-0.73116 -0.6
-0.73092 0.0
-0.73067 0.5
-0.73043 1.1
-0.73018 1.6
-0.72994 2.2
-0.7297 2.7
-0.72945 3.2
-0.72921 3.7
-0.72896 4.3
-0.72872 4.8
-0.72848 5.3
-0.72823 5.7
-0.72799 6.2
-0.72774 6.7
-0.7275 7.1
-0.72725 7.5
-0.72701 7.9
-0.72677 8.3
-0.72652 8.7
-0.72628 9.0
-0.72603 9.3
-0.72579 9.6
-0.72555 9.9
-0.7253 10.2
-0.72506 10.4
-0.72481 10.6
-0.72457 10.8
-0.72433 11.0
-0.72408 11.1
-0.72384 11.2
-0.72359 11.3
-0.72335 11.3
-0.7231 11.3
-0.72286 11.3
-0.72262 11.3
-0.72237 11.2
-0.72213 11.2
-0.72188 11.0
-0.72164 10.9
-0.7214 10.7
-0.72115 10.6
-0.72091 10.3
-0.72066 10.1
-0.72042 9.8
-0.72017 9.5
-0.71993 9.2
-0.71969 8.9
-0.71944 8.6
-0.7192 8.2
-0.71895 7.8
-0.71871 7.4
-0.71847 6.9
-0.71822 6.5
-0.71798 6.0
-0.71773 5.6
-0.71749 5.1
-0.71725 4.6
-0.717 4.0
-0.71676 3.5
-0.71651 3.0
-0.71627 2.5
-0.71602 1.9
-0.71578 1.4
-0.71554 0.8
-0.71529 0.2
-0.71505 -0.3
-0.7148 -0.9
-0.71456 -1.4
-0.71432 -2.0
-0.71407 -2.5
-0.71383 -3.1
-0.71358 -3.6
-0.71334 -4.1
-0.71309 -4.6
-0.71285 -5.1
-0.71261 -5.6
-0.71236 -6.1
-0.71212 -6.6
-0.71187 -7.0
-0.71163 -7.4
-0.71139 -7.9
-0.71114 -8.3
-0.7109 -8.6
-0.71065 -9.0
-0.71041 -9.3
-0.71017 -9.6
-0.70992 -9.9
-0.70968 -10.2
-0.70943 -10.4
-0.70919 -10.6
-0.70894 -10.8
-0.7087 -11.0
-0.70846 -11.1
-0.70821 -11.2
-0.70797 -11.3
-0.70772 -11.4
-0.70748 -11.4
-0.70724 -11.4
-0.70699 -11.4
-0.70675 -11.3
-0.7065 -11.2
-0.70626 -11.1
-0.70601 -11.0
-0.70577 -10.8
-0.70553 -10.6
-0.70528 -10.4
-0.70504 -10.2
-0.70479 -9.9
-0.70455 -9.6
-0.70431 -9.3
-0.70406 -9.0
-0.70382 -8.6
-0.70357 -8.2
-0.70333 -7.8
-0.70308 -7.4
-0.70284 -7.0
-0.7026 -6.5
-0.70235 -6.1
-0.70211 -5.6
-0.70186 -5.1
-0.70162 -4.6
-0.70138 -4.0
-0.70113 -3.5
-0.70089 -3.0
-0.70064 -2.4
-0.7004 -1.9
-0.70016 -1.3
-0.69991 -0.8
-0.69967 -0.2
-0.69942 0.4
-0.69918 0.9
-0.69893 1.5
-0.69869 2.0
-0.69845 2.6
-0.6982 3.1
-0.69796 3.7
-0.69771 4.2
-0.69747 4.7
-0.69723 5.2
-0.69698 5.7
-0.69674 6.2
-0.69649 6.7
-0.69625 7.1
-0.696 7.6
-0.69576 8.0
-0.69552 8.4
-0.69527 8.8
-0.69503 9.1
-0.69478 9.4
-0.69454 9.7
-0.6943 10.0
-0.69405 10.3
-0.69381 10.5
-0.69356 10.7
-0.69332 10.9
-0.69308 11.1
-0.69283 11.2
-0.69259 11.3
-0.69234 11.4
-0.6921 11.4
-0.69185 11.4
-0.69161 11.4
-0.69137 11.4
-0.69112 11.3
-0.69088 11.2
-0.69063 11.1
-0.69039 11.0
-0.69015 10.8
-0.6899 10.6
-0.68966 10.4
-0.68941 10.1
-0.68917 9.8
-0.68892 9.5
-0.68868 9.2
-0.68844 8.9
-0.68819 8.5
-0.68795 8.1
-0.6877 7.7
-0.68746 7.2
-0.68722 6.8
-0.68697 6.3
-0.68673 5.9
-0.68648 5.4
-0.68624 4.8
-0.686 4.3
-0.68575 3.8
-0.68551 3.3
-0.68526 2.7
-0.68502 2.1
-0.68477 1.6
-0.68453 1.0
-0.68429 0.4
-0.68404 -0.1
-0.6838 -0.7
-0.68355 -1.3
-0.68331 -1.8
-0.68307 -2.4
-0.68282 -2.9
-0.68258 -3.5
-0.68233 -4.0
-0.68209 -4.6
-0.68184 -5.1
-0.6816 -5.6
-0.68136 -6.1
-0.68111 -6.6
-0.68087 -7.0
-0.68062 -7.5
-0.68038 -7.9
-0.68014 -8.3
-0.67989 -8.7
-0.67965 -9.1
-0.6794 -9.4
-0.67916 -9.7
-0.67892 -10.0
-0.67867 -10.3
-0.67843 -10.5
-0.67818 -10.7
-0.67794 -10.9
-0.67769 -11.1
-0.67745 -11.2
-0.67721 -11.3
-0.67696 -11.4
-0.67672 -11.5
-0.67647 -11.5
-0.67623 -11.5
-0.67599 -11.5
-0.67574 -11.4
-0.6755 -11.3
-0.67525 -11.2
-0.67501 -11.0
-0.67476 -10.9
-0.67452 -10.7
-0.67428 -10.4
-0.67403 -10.2
-0.67379 -9.9
-0.67354 -9.6
-0.6733 -9.3
-0.67306 -8.9
-0.67281 -8.6
-0.67257 -8.2
-0.67232 -7.7
-0.67208 -7.3
-0.67183 -6.9
-0.67159 -6.4
-0.67135 -5.9
-0.6711 -5.4
-0.67086 -4.9
-0.67061 -4.4
-0.67037 -3.8
-0.67013 -3.3
-0.66988 -2.7
-0.66964 -2.1
-0.66939 -1.6
-0.66915 -1.0
-0.66891 -0.4
-0.66866 0.2
-0.66842 0.7
-0.66817 1.3
-0.66793 1.9
-0.66768 2.5
-0.66744 3.0
-0.6672 3.6
-0.66695 4.1
-0.66671 4.6
-0.66646 5.2
-0.66622 5.7
-0.66598 6.2
-0.66573 6.7
-0.66549 7.1
-0.66524 7.6
-0.665 8.0
-0.66475 8.4
-0.66451 8.8
-0.66427 9.2
-0.66402 9.5
-0.66378 9.8
-0.66353 10.1
-0.66329 10.4
-0.66305 10.6
-0.6628 10.8
-0.66256 11.0
-0.66231 11.2
-0.66207 11.3
-0.66183 11.4
-0.66158 11.5
-0.66134 11.5
-0.66109 11.6
-0.66085 11.5
-0.6606 11.5
-0.66036 11.4
-0.66012 11.3
-0.65987 11.2
-0.65963 11.0
-0.65938 10.9
-0.65914 10.6
-0.6589 10.4
-0.65865 10.1
-0.65841 9.8
-0.65816 9.5
-0.65792 9.2
-0.65767 8.8
-0.65743 8.4
-0.65719 8.0
-0.65694 7.6
-0.6567 7.1
-0.65645 6.7
-0.65621 6.2
-0.65597 5.7
-0.65572 5.2
-0.65548 4.7
-0.65523 4.1
-0.65499 3.6
-0.65475 3.0
-0.6545 2.4
-0.65426 1.9
-0.65401 1.3
-0.65377 0.7
-0.65352 0.1
-0.65328 -0.5
-0.65304 -1.1
-0.65279 -1.6
-0.65255 -2.2
-0.6523 -2.8
-0.65206 -3.4
-0.65182 -3.9
-0.65157 -4.5
-0.65133 -5.0
-0.65108 -5.5
-0.65084 -6.0
-0.65059 -6.5
-0.65035 -7.0
-0.65011 -7.5
-0.64986 -7.9
-0.64962 -8.3
-0.64937 -8.7
-0.64913 -9.1
-0.64889 -9.5
-0.64864 -9.8
-0.6484 -10.1
-0.64815 -10.4
-0.64791 -10.6
-0.64767 -10.8
-0.64742 -11.0
-0.64718 -11.2
-0.64693 -11.4
-0.64669 -11.5
-0.64644 -11.5
-0.6462 -11.6
-0.64596 -11.6
-0.64571 -11.6
-0.64547 -11.6
-0.64522 -11.5
-0.64498 -11.4
-0.64474 -11.3
-0.64449 -11.1
-0.64425 -11.0
-0.644 -10.7
-0.64376 -10.5
-0.64351 -10.2
-0.64327 -9.9
-0.64303 -9.6
-0.64278 -9.3
-0.64254 -8.9
-0.64229 -8.5
-0.64205 -8.1
-0.64181 -7.7
-0.64156 -7.2
-0.64132 -6.7
-0.64107 -6.3
-0.64083 -5.8
-0.64058 -5.2
-0.64034 -4.7
-0.6401 -4.1
-0.63985 -3.6
-0.63961 -3.0
-0.63936 -2.4
-0.63912 -1.9
-0.63888 -1.3
-0.63863 -0.7
-0.63839 0.0
-0.63814 0.5
-0.6379 1.1
-0.63766 1.7
-0.63741 2.3
-0.63717 2.8
-0.63692 3.4
-0.63668 4.0
-0.63643 4.5
-0.63619 5.1
-0.63595 5.6
-0.6357 6.1
-0.63546 6.6
-0.63521 7.1
-0.63497 7.6
-0.63473 8.0
-0.63448 8.4
-0.63424 8.8
-0.63399 9.2
-0.63375 9.6
-0.6335 9.9
-0.63326 10.2
-0.63302 10.5
-0.63277 10.7
-0.63253 10.9
-0.63228 11.1
-0.63204 11.3
-0.6318 11.4
-0.63155 11.5
-0.63131 11.6
-0.63106 11.7
-0.63082 11.7
-0.63058 11.7
-0.63033 11.6
-0.63009 11.5
-0.62984 11.4
-0.6296 11.3
-0.62935 11.1
-0.62911 10.9
-0.62887 10.7
-0.62862 10.5
-0.62838 10.2
-0.62813 9.9
-0.62789 9.5
-0.62765 9.2
-0.6274 8.8
-0.62716 8.4
-0.62691 8.0
-0.62667 7.5
-0.62642 7.1
-0.62618 6.6
-0.62594 6.1
-0.62569 5.6
-0.62545 5.0
-0.6252 4.5
-0.62496 3.9
-0.62472 3.3
-0.62447 2.8
-0.62423 2.2
-0.62398 1.6
-0.62374 1.0
-0.6235 0.4
-0.62325 -0.2
-0.62301 -0.8
-0.62276 -1.4
-0.62252 -2.0
-0.62227 -2.6
-0.62203 -3.2
-0.62179 -3.8
-0.62154 -4.3
-0.6213 -4.9
-0.62105 -5.4
-0.62081 -5.9
-0.62057 -6.5
-0.62032 -7.0
-0.62008 -7.4
-0.61983 -7.9
-0.61959 -8.3
-0.61934 -8.7
-0.6191 -9.1
-0.61886 -9.5
-0.61861 -9.8
-0.61837 -10.2
-0.61812 -10.4
-0.61788 -10.7
-0.61764 -10.9
-0.61739 -11.1
-0.61715 -11.3
-0.6169 -11.5
-0.61666 -11.6
-0.61642 -11.7
-0.61617 -11.7
-0.61593 -11.7
-0.61568 -11.7
-0.61544 -11.7
-0.61519 -11.6
-0.61495 -11.5
-0.61471 -11.4
-0.61446 -11.2
-0.61422 -11.0
-0.61397 -10.8
-0.61373 -10.6
-0.61349 -10.3
-0.61324 -10.0
-0.613 -9.6
-0.61275 -9.3
-0.61251 -8.9
-0.61226 -8.5
-0.61202 -8.1
-0.61178 -7.6
-0.61153 -7.1
-0.61129 -6.6
-0.61104 -6.1
-0.6108 -5.6
-0.61056 -5.1
-0.61031 -4.5
-0.61007 -4.0
-0.60982 -3.4
-0.60958 -2.8
-0.60933 -2.2
-0.60909 -1.6
-0.60885 -1.0
-0.6086 -0.4
-0.60836 0.2
-0.60811 0.8
-0.60787 1.4
-0.60763 2.0
-0.60738 2.6
-0.60714 3.2
-0.60689 3.8
-0.60665 4.4
-0.60641 4.9
-0.60616 5.5
-0.60592 6.0
-0.60567 6.5
-0.60543 7.0
-0.60518 7.5
-0.60494 8.0
-0.6047 8.4
-0.60445 8.8
-0.60421 9.2
-0.60396 9.6
-0.60372 9.9
-0.60348 10.3
-0.60323 10.6
-0.60299 10.8
-0.60274 11.0
-0.6025 11.2
-0.60225 11.4
-0.60201 11.6
-0.60177 11.7
-0.60152 11.7
-0.60128 11.8
-0.60103 11.8
-0.60079 11.8
-0.60055 11.7
-0.6003 11.7
-0.60006 11.5
-0.59981 11.4
-0.59957 11.2
-0.59933 11.0
-0.59908 10.8
-0.59884 10.5
-0.59859 10.2
-0.59835 9.9
-0.5981 9.6
-0.59786 9.2
-0.59762 8.8
-0.59737 8.4
-0.59713 7.9
-0.59688 7.5
-0.59664 7.0
-0.5964 6.5
-0.59615 5.9
-0.59591 5.4
-0.59566 4.9
-0.59542 4.3
-0.59517 3.7
-0.59493 3.1
-0.59469 2.5
-0.59444 1.9
-0.5942 1.3
-0.59395 0.7
-0.59371 0.0
-0.59347 -0.5
-0.59322 -1.2
-0.59298 -1.8
-0.59273 -2.4
-0.59249 -3.0
-0.59225 -3.6
-0.592 -4.2
-0.59176 -4.7
-0.59151 -5.3
-0.59127 -5.8
-0.59102 -6.4
-0.59078 -6.9
-0.59054 -7.4
-0.59029 -7.9
-0.59005 -8.3
-0.5898 -8.7
-0.58956 -9.2
-0.58932 -9.5
-0.58907 -9.9
-0.58883 -10.2
-0.58858 -10.5
-0.58834 -10.8
-0.58809 -11.0
-0.58785 -11.3
-0.58761 -11.4
-0.58736 -11.6
-0.58712 -11.7
-0.58687 -11.8
-0.58663 -11.8
-0.58639 -11.9
-0.58614 -11.9
-0.5859 -11.8
-0.58565 -11.7
-0.58541 -11.6
-0.58517 -11.5
-0.58492 -11.3
-0.58468 -11.1
-0.58443 -10.9
-0.58419 -10.6
-0.58394 -10.3
-0.5837 -10.0
-0.58346 -9.7
-0.58321 -9.3
-0.58297 -8.9
-0.58272 -8.5
-0.58248 -8.0
-0.58224 -7.6
-0.58199 -7.1
-0.58175 -6.5
-0.5815 -6.0
-0.58126 -5.5
-0.58101 -4.9
-0.58077 -4.3
-0.58053 -3.7
-0.58028 -3.2
-0.58004 -2.5
-0.57979 -1.9
-0.57955 -1.3
-0.57931 -0.7
-0.57906 0.0
-0.57882 0.6
-0.57857 1.2
-0.57833 1.8
-0.57808 2.4
-0.57784 3.0
-0.5776 3.6
-0.57735 4.2
-0.57711 4.8
-0.57686 5.4
-0.57662 5.9
-0.57638 6.5
-0.57613 7.0
-0.57589 7.5
-0.57564 8.0
-0.5754 8.4
-0.57516 8.9
-0.57491 9.3
-0.57467 9.6
-0.57442 10.0
-0.57418 10.3
-0.57393 10.6
-0.57369 10.9
-0.57345 11.1
-0.5732 11.4
-0.57296 11.5
-0.57271 11.7
-0.57247 11.8
-0.57223 11.9
-0.57198 11.9
-0.57174 11.9
-0.57149 11.9
-0.57125 11.9
-0.571 11.8
-0.57076 11.7
-0.57052 11.5
-0.57027 11.3
-0.57003 11.1
-0.56978 10.9
-0.56954 10.6
-0.5693 10.3
-0.56905 10.0
-0.56881 9.6
-0.56856 9.2
-0.56832 8.8
-0.56808 8.3
-0.56783 7.9
-0.56759 7.4
-0.56734 6.9
-0.5671 6.4
-0.56685 5.8
-0.56661 5.3
-0.56637 4.7
-0.56612 4.1
-0.56588 3.5
-0.56563 2.9
-0.56539 2.3
-0.56515 1.6
-0.5649 1.0
-0.56466 0.4
-0.56441 -0.3
-0.56417 -0.9
-0.56392 -1.5
-0.56368 -2.2
-0.56344 -2.8
-0.56319 -3.4
-0.56295 -4.0
-0.5627 -4.6
-0.56246 -5.2
-0.56222 -5.7
-0.56197 -6.3
-0.56173 -6.8
-0.56148 -7.3
-0.56124 -7.8
-0.561 -8.3
-0.56075 -8.8
-0.56051 -9.2
-0.56026 -9.6
-0.56002 -9.9
-0.55977 -10.3
-0.55953 -10.6
-0.55929 -10.9
-0.55904 -11.1
-0.5588 -11.4
-0.55855 -11.6
-0.55831 -11.7
-0.55807 -11.8
-0.55782 -11.9
-0.55758 -12.0
-0.55733 -12.0
-0.55709 -12.0
-0.55684 -11.9
-0.5566 -11.9
-0.55636 -11.8
-0.55611 -11.6
-0.55587 -11.4
-0.55562 -11.2
-0.55538 -11.0
-0.55514 -10.7
-0.55489 -10.4
-0.55465 -10.1
-0.5544 -9.7
-0.55416 -9.3
-0.55392 -8.9
-0.55367 -8.4
-0.55343 -8.0
-0.55318 -7.5
-0.55294 -7.0
-0.55269 -6.4
-0.55245 -5.9
-0.55221 -5.3
-0.55196 -4.7
-0.55172 -4.1
-0.55147 -3.5
-0.55123 -2.9
-0.55099 -2.3
-0.55074 -1.6
-0.5505 -1.0
-0.55025 -0.4
-0.55001 0.3
-0.54976 0.9
-0.54952 1.6
-0.54928 2.2
-0.54903 2.8
-0.54879 3.5
-0.54854 4.1
-0.5483 4.7
-0.54806 5.3
-0.54781 5.8
-0.54757 6.4
-0.54732 6.9
-0.54708 7.5
-0.54683 8.0
-0.54659 8.4
-0.54635 8.9
-0.5461 9.3
-0.54586 9.7
-0.54561 10.1
-0.54537 10.4
-0.54513 10.7
-0.54488 11.0
-0.54464 11.3
-0.54439 11.5
-0.54415 11.7
-0.54391 11.8
-0.54366 11.9
-0.54342 12.0
-0.54317 12.1
-0.54293 12.1
-0.54268 12.0
-0.54244 12.0
-0.5422 11.9
-0.54195 11.8
-0.54171 11.6
-0.54146 11.4
-0.54122 11.2
-0.54098 10.9
-0.54073 10.6
-0.54049 10.3
-0.54024 10.0
-0.54 9.6
-0.53975 9.2
-0.53951 8.7
-0.53927 8.3
-0.53902 7.8
-0.53878 7.3
-0.53853 6.8
-0.53829 6.2
-0.53805 5.6
-0.5378 5.1
-0.53756 4.5
-0.53731 3.9
-0.53707 3.2
-0.53683 2.6
-0.53658 2.0
-0.53634 1.3
-0.53609 0.7
-0.53585 0.0
-0.5356 -0.6
-0.53536 -1.3
-0.53512 -1.9
-0.53487 -2.6
-0.53463 -3.2
-0.53438 -3.9
-0.53414 -4.5
-0.5339 -5.1
-0.53365 -5.7
-0.53341 -6.2
-0.53316 -6.8
-0.53292 -7.3
-0.53267 -7.8
-0.53243 -8.3
-0.53219 -8.8
-0.53194 -9.2
-0.5317 -9.6
-0.53145 -10.0
-0.53121 -10.4
-0.53097 -10.7
-0.53072 -11.0
-0.53048 -11.3
-0.53023 -11.5
-0.52999 -11.7
-0.52975 -11.8
-0.5295 -12.0
-0.52926 -12.1
-0.52901 -12.1
-0.52877 -12.1
-0.52852 -12.1
-0.52828 -12.1
-0.52804 -12.0
-0.52779 -11.9
-0.52755 -11.7
-0.5273 -11.5
-0.52706 -11.3
-0.52682 -11.0
-0.52657 -10.7
-0.52633 -10.4
-0.52608 -10.1
-0.52584 -9.7
-0.52559 -9.3
-0.52535 -8.8
-0.52511 -8.4
-0.52486 -7.9
-0.52462 -7.4
-0.52437 -6.8
-0.52413 -6.3
-0.52389 -5.7
-0.52364 -5.1
-0.5234 -4.5
-0.52315 -3.9
-0.52291 -3.2
-0.52267 -2.6
-0.52242 -1.9
-0.52218 -1.3
-0.52193 -0.6
-0.52169 0.0
-0.52144 0.7
-0.5212 1.4
-0.52096 2.0
-0.52071 2.7
-0.52047 3.3
-0.52022 3.9
-0.51998 4.6
-0.51974 5.2
-0.51949 5.8
-0.51925 6.3
-0.519 6.9
-0.51876 7.4
-0.51851 8.0
-0.51827 8.5
-0.51803 8.9
-0.51778 9.4
-0.51754 9.8
-0.51729 10.2
-0.51705 10.5
-0.51681 10.8
-0.51656 11.1
-0.51632 11.4
-0.51607 11.6
-0.51583 11.8
-0.51558 12.0
-0.51534 12.1
-0.5151 12.2
-0.51485 12.2
-0.51461 12.2
-0.51436 12.2
-0.51412 12.1
-0.51388 12.0
-0.51363 11.9
-0.51339 11.7
-0.51314 11.5
-0.5129 11.3
-0.51266 11.0
-0.51241 10.7
-0.51217 10.3
-0.51192 10.0
-0.51168 9.6
-0.51143 9.1
-0.51119 8.7
-0.51095 8.2
-0.5107 7.7
-0.51046 7.2
-0.51021 6.6
-0.50997 6.0
-0.50973 5.4
-0.50948 4.8
-0.50924 4.2
-0.50899 3.6
-0.50875 2.9
-0.5085 2.3
-0.50826 1.6
-0.50802 0.9
-0.50777 0.3
-0.50753 -0.4
-0.50728 -1.1
-0.50704 -1.8
-0.5068 -2.4
-0.50655 -3.1
-0.50631 -3.7
-0.50606 -4.4
-0.50582 -5.0
-0.50558 -5.6
-0.50533 -6.2
-0.50509 -6.8
-0.50484 -7.3
-0.5046 -7.9
-0.50435 -8.4
-0.50411 -8.8
-0.50387 -9.3
-0.50362 -9.7
-0.50338 -10.1
-0.50313 -10.5
-0.50289 -10.8
-0.50265 -11.1
-0.5024 -11.4
-0.50216 -11.6
-0.50191 -11.8
-0.50167 -12.0
-0.50142 -12.1
-0.50118 -12.2
-0.50094 -12.3
-0.50069 -12.3
-0.50045 -12.3
-0.5002 -12.2
-0.49996 -12.1
-0.49972 -12.0
-0.49947 -11.8
-0.49923 -11.6
-0.49898 -11.4
-0.49874 -11.1
-0.4985 -10.8
-0.49825 -10.4
-0.49801 -10.1
-0.49776 -9.6
-0.49752 -9.2
-0.49727 -8.7
-0.49703 -8.3
-0.49679 -7.7
-0.49654 -7.2
-0.4963 -6.6
-0.49605 -6.1
-0.49581 -5.4
-0.49557 -4.8
-0.49532 -4.2
-0.49508 -3.5
-0.49483 -2.9
-0.49459 -2.2
-0.49434 -1.5
-0.4941 -0.9
-0.49386 -0.2
-0.49361 0.5
-0.49337 1.2
-0.49312 1.9
-0.49288 2.5
-0.49264 3.2
-0.49239 3.9
-0.49215 4.5
-0.4919 5.1
-0.49166 5.7
-0.49142 6.3
-0.49117 6.9
-0.49093 7.5
-0.49068 8.0
-0.49044 8.5
-0.49019 9.0
-0.48995 9.5
-0.48971 9.9
-0.48946 10.3
-0.48922 10.7
-0.48897 11.0
-0.48873 11.3
-0.48849 11.5
-0.48824 11.8
-0.488 12.0
-0.48775 12.1
-0.48751 12.2
-0.48726 12.3
-0.48702 12.4
-0.48678 12.4
-0.48653 12.3
-0.48629 12.2
-0.48604 12.1
-0.4858 12.0
-0.48556 11.8
-0.48531 11.6
-0.48507 11.3
-0.48482 11.0
-0.48458 10.7
-0.48433 10.3
-0.48409 9.9
-0.48385 9.5
-0.4836 9.0
-0.48336 8.6
-0.48311 8.0
-0.48287 7.5
-0.48263 6.9
-0.48238 6.4
-0.48214 5.8
-0.48189 5.1
-0.48165 4.5
-0.48141 3.8
-0.48116 3.2
-0.48092 2.5
-0.48067 1.8
-0.48043 1.1
-0.48018 0.4
-0.47994 -0.3
-0.4797 -0.9
-0.47945 -1.6
-0.47921 -2.3
-0.47896 -3.0
-0.47872 -3.7
-0.47848 -4.3
-0.47823 -5.0
-0.47799 -5.6
-0.47774 -6.2
-0.4775 -6.8
-0.47725 -7.4
-0.47701 -7.9
-0.47677 -8.5
-0.47652 -9.0
-0.47628 -9.4
-0.47603 -9.9
-0.47579 -10.3
-0.47555 -10.7
-0.4753 -11.0
-0.47506 -11.3
-0.47481 -11.6
-0.47457 -11.8
-0.47433 -12.0
-0.47408 -12.2
-0.47384 -12.3
-0.47359 -12.4
-0.47335 -12.4
-0.4731 -12.4
-0.47286 -12.4
-0.47262 -12.3
-0.47237 -12.2
-0.47213 -12.1
-0.47188 -11.9
-0.47164 -11.7
-0.4714 -11.4
-0.47115 -11.1
-0.47091 -10.8
-0.47066 -10.4
-0.47042 -10.0
-0.47017 -9.5
-0.46993 -9.1
-0.46969 -8.6
-0.46944 -8.1
-0.4692 -7.5
-0.46895 -6.9
-0.46871 -6.4
-0.46847 -5.7
-0.46822 -5.1
-0.46798 -4.5
-0.46773 -3.8
-0.46749 -3.1
-0.46725 -2.4
-0.467 -1.7
-0.46676 -1.0
-0.46651 -0.3
-0.46627 0.4
-0.46602 1.1
-0.46578 1.8
-0.46554 2.5
-0.46529 3.2
-0.46505 3.8
-0.4648 4.5
-0.46456 5.2
-0.46432 5.8
-0.46407 6.4
-0.46383 7.0
-0.46358 7.6
-0.46334 8.1
-0.46309 8.7
-0.46285 9.2
-0.46261 9.6
-0.46236 10.1
-0.46212 10.5
-0.46187 10.8
-0.46163 11.2
-0.46139 11.5
-0.46114 11.7
-0.4609 12.0
-0.46065 12.2
-0.46041 12.3
-0.46017 12.4
-0.45992 12.5
-0.45968 12.5
-0.45943 12.5
-0.45919 12.5
-0.45894 12.4
-0.4587 12.2
-0.45846 12.1
-0.45821 11.8
-0.45797 11.6
-0.45772 11.3
-0.45748 11.0
-0.45724 10.6
-0.45699 10.2
-0.45675 9.8
-0.4565 9.4
-0.45626 8.9
-0.45601 8.3
-0.45577 7.8
-0.45553 7.2
-0.45528 6.6
-0.45504 6.0
-0.45479 5.4
-0.45455 4.7
-0.45431 4.1
-0.45406 3.4
-0.45382 2.7
-0.45357 2.0
-0.45333 1.3
-0.45308 0.5
-0.45284 -0.2
-0.4526 -0.9
-0.45235 -1.6
-0.45211 -2.3
-0.45186 -3.0
-0.45162 -3.7
-0.45138 -4.4
-0.45113 -5.0
-0.45089 -5.7
-0.45064 -6.3
-0.4504 -6.9
-0.45016 -7.5
-0.44991 -8.1
-0.44967 -8.6
-0.44942 -9.1
-0.44918 -9.6
-0.44893 -10.1
-0.44869 -10.5
-0.44845 -10.9
-0.4482 -11.2
-0.44796 -11.5
-0.44771 -11.8
-0.44747 -12.0
-0.44723 -12.2
-0.44698 -12.4
-0.44674 -12.5
-0.44649 -12.6
-0.44625 -12.6
-0.446 -12.6
-0.44576 -12.5
-0.44552 -12.4
-0.44527 -12.3
-0.44503 -12.1
-0.44478 -11.9
-0.44454 -11.7
-0.4443 -11.4
-0.44405 -11.0
-0.44381 -10.7
-0.44356 -10.3
-0.44332 -9.8
-0.44308 -9.4
-0.44283 -8.9
-0.44259 -8.3
-0.44234 -7.8
-0.4421 -7.2
-0.44185 -6.6
-0.44161 -6.0
-0.44137 -5.3
-0.44112 -4.6
-0.44088 -4.0
-0.44063 -3.3
-0.44039 -2.5
-0.44015 -1.8
-0.4399 -1.1
-0.43966 -0.4
-0.43941 0.3
-0.43917 1.1
-0.43892 1.8
-0.43868 2.5
-0.43844 3.2
-0.43819 3.9
-0.43795 4.6
-0.4377 5.3
-0.43746 5.9
-0.43722 6.6
-0.43697 7.2
-0.43673 7.8
-0.43648 8.4
-0.43624 8.9
-0.436 9.4
-0.43575 9.9
-0.43551 10.3
-0.43526 10.7
-0.43502 11.1
-0.43477 11.4
-0.43453 11.7
-0.43429 12.0
-0.43404 12.2
-0.4338 12.4
-0.43355 12.5
-0.43331 12.6
-0.43307 12.7
-0.43282 12.7
-0.43258 12.6
-0.43233 12.6
-0.43209 12.5
-0.43184 12.3
-0.4316 12.1
-0.43136 11.9
-0.43111 11.6
-0.43087 11.2
-0.43062 10.9
-0.43038 10.5
-0.43014 10.1
-0.42989 9.6
-0.42965 9.1
-0.4294 8.6
-0.42916 8.0
-0.42892 7.4
-0.42867 6.8
-0.42843 6.2
-0.42818 5.5
-0.42794 4.9
-0.42769 4.2
-0.42745 3.5
-0.42721 2.7
-0.42696 2.0
-0.42672 1.3
-0.42647 0.5
-0.42623 -0.2
-0.42599 -0.9
-0.42574 -1.7
-0.4255 -2.4
-0.42525 -3.1
-0.42501 -3.9
-0.42476 -4.6
-0.42452 -5.2
-0.42428 -5.9
-0.42403 -6.6
-0.42379 -7.2
-0.42354 -7.8
-0.4233 -8.4
-0.42306 -8.9
-0.42281 -9.4
-0.42257 -9.9
-0.42232 -10.4
-0.42208 -10.8
-0.42183 -11.2
-0.42159 -11.5
-0.42135 -11.8
-0.4211 -12.1
-0.42086 -12.3
-0.42061 -12.5
-0.42037 -12.6
-0.42013 -12.7
-0.41988 -12.8
-0.41964 -12.8
-0.41939 -12.7
-0.41915 -12.6
-0.41891 -12.5
-0.41866 -12.4
-0.41842 -12.1
-0.41817 -11.9
-0.41793 -11.6
-0.41768 -11.3
-0.41744 -10.9
-0.4172 -10.5
-0.41695 -10.0
-0.41671 -9.6
-0.41646 -9.1
-0.41622 -8.5
-0.41598 -7.9
-0.41573 -7.3
-0.41549 -6.7
-0.41524 -6.1
-0.415 -5.4
-0.41475 -4.7
-0.41451 -4.0
-0.41427 -3.3
-0.41402 -2.5
-0.41378 -1.8
-0.41353 -1.0
-0.41329 -0.3
-0.41305 0.5
-0.4128 1.2
-0.41256 2.0
-0.41231 2.7
-0.41207 3.4
-0.41183 4.2
-0.41158 4.9
-0.41134 5.6
-0.41109 6.2
-0.41085 6.9
-0.4106 7.5
-0.41036 8.1
-0.41012 8.7
-0.40987 9.2
-0.40963 9.7
-0.40938 10.2
-0.40914 10.7
-0.4089 11.1
-0.40865 11.4
-0.40841 11.8
-0.40816 12.0
-0.40792 12.3
-0.40767 12.5
-0.40743 12.6
-0.40719 12.8
-0.40694 12.8
-0.4067 12.9
-0.40645 12.8
-0.40621 12.8
-0.40597 12.7
-0.40572 12.5
-0.40548 12.3
-0.40523 12.1
-0.40499 11.8
-0.40475 11.4
-0.4045 11.1
-0.40426 10.7
-0.40401 10.2
-0.40377 9.8
-0.40352 9.2
-0.40328 8.7
-0.40304 8.1
-0.40279 7.5
-0.40255 6.9
-0.4023 6.2
-0.40206 5.5
-0.40182 4.8
-0.40157 4.1
-0.40133 3.4
-0.40108 2.6
-0.40084 1.9
-0.40059 1.1
-0.40035 0.4
-0.40011 -0.4
-0.39986 -1.2
-0.39962 -1.9
-0.39937 -2.7
-0.39913 -3.4
-0.39889 -4.2
-0.39864 -4.9
-0.3984 -5.6
-0.39815 -6.3
-0.39791 -6.9
-0.39767 -7.6
-0.39742 -8.2
-0.39718 -8.8
-0.39693 -9.3
-0.39669 -9.8
-0.39644 -10.3
-0.3962 -10.8
-0.39596 -11.2
-0.39571 -11.5
-0.39547 -11.9
-0.39522 -12.2
-0.39498 -12.4
-0.39474 -12.6
-0.39449 -12.8
-0.39425 -12.9
-0.394 -12.9
-0.39376 -12.9
-0.39351 -12.9
-0.39327 -12.8
-0.39303 -12.7
-0.39278 -12.5
-0.39254 -12.3
-0.39229 -12.1
-0.39205 -11.8
-0.39181 -11.4
-0.39156 -11.0
-0.39132 -10.6
-0.39107 -10.2
-0.39083 -9.7
-0.39058 -9.1
-0.39034 -8.6
-0.3901 -8.0
-0.38985 -7.3
-0.38961 -6.7
-0.38936 -6.0
-0.38912 -5.3
-0.38888 -4.6
-0.38863 -3.8
-0.38839 -3.1
-0.38814 -2.3
-0.3879 -1.6
-0.38766 -0.8
-0.38741 0.0
-0.38717 0.8
-0.38692 1.6
-0.38668 2.3
-0.38643 3.1
-0.38619 3.8
-0.38595 4.6
-0.3857 5.3
-0.38546 6.0
-0.38521 6.7
-0.38497 7.4
-0.38473 8.0
-0.38448 8.6
-0.38424 9.2
-0.38399 9.7
-0.38375 10.2
-0.3835 10.7
-0.38326 11.1
-0.38302 11.5
-0.38277 11.9
-0.38253 12.2
-0.38228 12.4
-0.38204 12.6
-0.3818 12.8
-0.38155 12.9
-0.38131 13.0
-0.38106 13.0
-0.38082 13.0
-0.38058 12.9
-0.38033 12.8
-0.38009 12.7
-0.37984 12.5
-0.3796 12.2
-0.37935 11.9
-0.37911 11.6
-0.37887 11.2
-0.37862 10.8
-0.37838 10.3
-0.37813 9.8
-0.37789 9.3
-0.37765 8.7
-0.3774 8.1
-0.37716 7.4
-0.37691 6.8
-0.37667 6.1
-0.37642 5.4
-0.37618 4.6
-0.37594 3.9
-0.37569 3.1
-0.37545 2.4
-0.3752 1.6
-0.37496 0.8
-0.37472 0.0
-0.37447 -0.8
-0.37423 -1.6
-0.37398 -2.4
-0.37374 -3.2
-0.3735 -3.9
-0.37325 -4.7
-0.37301 -5.4
-0.37276 -6.1
-0.37252 -6.8
-0.37227 -7.5
-0.37203 -8.1
-0.37179 -8.8
-0.37154 -9.3
-0.3713 -9.9
-0.37105 -10.4
-0.37081 -10.9
-0.37057 -11.3
-0.37032 -11.7
-0.37008 -12.0
-0.36983 -12.3
-0.36959 -12.6
-0.36934 -12.8
-0.3691 -12.9
-0.36886 -13.1
-0.36861 -13.1
-0.36837 -13.1
-0.36812 -13.1
-0.36788 -13.0
-0.36764 -12.9
-0.36739 -12.7
-0.36715 -12.5
-0.3669 -12.2
-0.36666 -11.9
-0.36642 -11.5
-0.36617 -11.1
-0.36593 -10.6
-0.36568 -10.2
-0.36544 -9.6
-0.36519 -9.1
-0.36495 -8.5
-0.36471 -7.8
-0.36446 -7.2
-0.36422 -6.5
-0.36397 -5.8
-0.36373 -5.0
-0.36349 -4.3
-0.36324 -3.5
-0.363 -2.7
-0.36275 -1.9
-0.36251 -1.1
-0.36226 -0.3
-0.36202 0.5
-0.36178 1.3
-0.36153 2.1
-0.36129 2.9
-0.36104 3.7
-0.3608 4.5
-0.36056 5.2
-0.36031 6.0
-0.36007 6.7
-0.35982 7.4
-0.35958 8.0
-0.35933 8.7
-0.35909 9.3
-0.35885 9.8
-0.3586 10.4
-0.35836 10.8
-0.35811 11.3
-0.35787 11.7
-0.35763 12.0
-0.35738 12.4
-0.35714 12.6
-0.35689 12.8
-0.35665 13.0
-0.35641 13.1
-0.35616 13.2
-0.35592 13.2
-0.35567 13.2
-0.35543 13.1
-0.35518 13.0
-0.35494 12.8
-0.3547 12.6
-0.35445 12.3
-0.35421 12.0
-0.35396 11.6
-0.35372 11.2
-0.35348 10.7
-0.35323 10.2
-0.35299 9.7
-0.35274 9.1
-0.3525 8.5
-0.35225 7.8
-0.35201 7.2
-0.35177 6.5
-0.35152 5.7
-0.35128 5.0
-0.35103 4.2
-0.35079 3.4
-0.35055 2.6
-0.3503 1.8
-0.35006 1.0
-0.34981 0.2
-0.34957 -0.7
-0.34933 -1.5
-0.34908 -2.3
-0.34884 -3.1
-0.34859 -3.9
-0.34835 -4.7
-0.3481 -5.5
-0.34786 -6.2
-0.34762 -6.9
-0.34737 -7.6
-0.34713 -8.3
-0.34688 -8.9
-0.34664 -9.5
-0.3464 -10.1
-0.34615 -10.6
-0.34591 -11.1
-0.34566 -11.5
-0.34542 -11.9
-0.34517 -12.3
-0.34493 -12.6
-0.34469 -12.8
-0.34444 -13.0
-0.3442 -13.2
-0.34395 -13.3
-0.34371 -13.3
-0.34347 -13.3
-0.34322 -13.3
-0.34298 -13.2
-0.34273 -13.0
-0.34249 -12.8
-0.34225 -12.5
-0.342 -12.2
-0.34176 -11.9
-0.34151 -11.4
-0.34127 -11.0
-0.34102 -10.5
-0.34078 -10.0
-0.34054 -9.4
-0.34029 -8.8
-0.34005 -8.1
-0.3398 -7.4
-0.33956 -6.7
-0.33932 -6.0
-0.33907 -5.2
-0.33883 -4.5
-0.33858 -3.7
-0.33834 -2.8
-0.33809 -2.0
-0.33785 -1.2
-0.33761 -0.3
-0.33736 0.5
-0.33712 1.3
-0.33687 2.2
-0.33663 3.0
-0.33639 3.8
-0.33614 4.6
-0.3359 5.4
-0.33565 6.2
-0.33541 6.9
-0.33517 7.6
-0.33492 8.3
-0.33468 8.9
-0.33443 9.6
-0.33419 10.1
-0.33394 10.7
-0.3337 11.2
-0.33346 11.6
-0.33321 12.0
-0.33297 12.4
-0.33272 12.7
-0.33248 12.9
-0.33224 13.1
-0.33199 13.3
-0.33175 13.4
-0.3315 13.4
-0.33126 13.4
-0.33101 13.4
-0.33077 13.2
-0.33053 13.1
-0.33028 12.9
-0.33004 12.6
-0.32979 12.3
-0.32955 11.9
-0.32931 11.5
-0.32906 11.0
-0.32882 10.5
-0.32857 9.9
-0.32833 9.3
-0.32808 8.7
-0.32784 8.0
-0.3276 7.3
-0.32735 6.6
-0.32711 5.8
-0.32686 5.1
-0.32662 4.3
-0.32638 3.4
-0.32613 2.6
-0.32589 1.7
-0.32564 0.9
-0.3254 0.0
-0.32516 -0.8
-0.32491 -1.7
-0.32467 -2.5
-0.32442 -3.4
-0.32418 -4.2
-0.32393 -5.0
-0.32369 -5.8
-0.32345 -6.6
-0.3232 -7.3
-0.32296 -8.0
-0.32271 -8.7
-0.32247 -9.3
-0.32223 -9.9
-0.32198 -10.5
-0.32174 -11.0
-0.32149 -11.5
-0.32125 -11.9
-0.321 -12.3
-0.32076 -12.7
-0.32052 -12.9
-0.32027 -13.2
-0.32003 -13.3
-0.31978 -13.5
-0.31954 -13.5
-0.3193 -13.5
-0.31905 -13.5
-0.31881 -13.4
-0.31856 -13.2
-0.31832 -13.0
-0.31808 -12.8
-0.31783 -12.4
-0.31759 -12.1
-0.31734 -11.7
-0.3171 -11.2
-0.31685 -10.7
-0.31661 -10.1
-0.31637 -9.5
-0.31612 -8.9
-0.31588 -8.2
-0.31563 -7.5
-0.31539 -6.8
-0.31515 -6.0
-0.3149 -5.2
-0.31466 -4.4
-0.31441 -3.5
-0.31417 -2.7
-0.31392 -1.8
-0.31368 -0.9
-0.31344 0.0
-0.31319 0.8
-0.31295 1.7
-0.3127 2.5
-0.31246 3.4
-0.31222 4.2
-0.31197 5.1
-0.31173 5.9
-0.31148 6.7
-0.31124 7.4
-0.311 8.1
-0.31075 8.8
-0.31051 9.5
-0.31026 10.1
-0.31002 10.7
-0.30977 11.2
-0.30953 11.7
-0.30929 12.1
-0.30904 12.5
-0.3088 12.8
-0.30855 13.1
-0.30831 13.3
-0.30807 13.5
-0.30782 13.6
-0.30758 13.6
-0.30733 13.6
-0.30709 13.6
-0.30684 13.5
-0.3066 13.3
-0.30636 13.1
-0.30611 12.8
-0.30587 12.4
-0.30562 12.0
-0.30538 11.6
-0.30514 11.1
-0.30489 10.5
-0.30465 10.0
-0.3044 9.3
-0.30416 8.7
-0.30392 8.0
-0.30367 7.2
-0.30343 6.4
-0.30318 5.6
-0.30294 4.8
-0.30269 4.0
-0.30245 3.1
-0.30221 2.2
-0.30196 1.4
-0.30172 0.5
-0.30147 -0.4
-0.30123 -1.3
-0.30099 -2.2
-0.30074 -3.1
-0.3005 -4.0
-0.30025 -4.8
-0.30001 -5.6
-0.29976 -6.4
-0.29952 -7.2
-0.29928 -8.0
-0.29903 -8.7
-0.29879 -9.4
-0.29854 -10.0
-0.2983 -10.6
-0.29806 -11.2
-0.29781 -11.7
-0.29757 -12.1
-0.29732 -12.5
-0.29708 -12.9
-0.29683 -13.2
-0.29659 -13.4
-0.29635 -13.6
-0.2961 -13.7
-0.29586 -13.8
-0.29561 -13.8
-0.29537 -13.7
-0.29513 -13.6
-0.29488 -13.4
-0.29464 -13.2
-0.29439 -12.9
-0.29415 -12.5
-0.29391 -12.1
-0.29366 -11.7
-0.29342 -11.2
-0.29317 -10.6
-0.29293 -10.0
-0.29268 -9.4
-0.29244 -8.7
-0.2922 -8.0
-0.29195 -7.2
-0.29171 -6.4
-0.29146 -5.6
-0.29122 -4.8
-0.29098 -3.9
-0.29073 -3.0
-0.29049 -2.1
-0.29024 -1.2
-0.29 -0.3
-0.28975 0.6
-0.28951 1.5
-0.28927 2.4
-0.28902 3.3
-0.28878 4.2
-0.28853 5.1
-0.28829 5.9
-0.28805 6.7
-0.2878 7.5
-0.28756 8.3
-0.28731 9.0
-0.28707 9.7
-0.28683 10.3
-0.28658 10.9
-0.28634 11.4
-0.28609 11.9
-0.28585 12.4
-0.2856 12.8
-0.28536 13.1
-0.28512 13.4
-0.28487 13.6
-0.28463 13.8
-0.28438 13.8
-0.28414 13.9
-0.2839 13.9
-0.28365 13.8
-0.28341 13.6
-0.28316 13.4
-0.28292 13.1
-0.28267 12.8
-0.28243 12.4
-0.28219 12.0
-0.28194 11.5
-0.2817 10.9
-0.28145 10.3
-0.28121 9.7
-0.28097 9.0
-0.28072 8.3
-0.28048 7.5
-0.28023 6.7
-0.27999 5.9
-0.27975 5.0
-0.2795 4.2
-0.27926 3.3
-0.27901 2.4
-0.27877 1.4
-0.27852 0.5
-0.27828 -0.4
-0.27804 -1.4
-0.27779 -2.3
-0.27755 -3.2
-0.2773 -4.1
-0.27706 -5.0
-0.27682 -5.9
-0.27657 -6.7
-0.27633 -7.5
-0.27608 -8.3
-0.27584 -9.0
-0.27559 -9.7
-0.27535 -10.4
-0.27511 -11.0
-0.27486 -11.5
-0.27462 -12.1
-0.27437 -12.5
-0.27413 -12.9
-0.27389 -13.2
-0.27364 -13.5
-0.2734 -13.7
-0.27315 -13.9
-0.27291 -14.0
-0.27267 -14.0
-0.27242 -14.0
-0.27218 -13.9
-0.27193 -13.7
-0.27169 -13.5
-0.27144 -13.2
-0.2712 -12.8
-0.27096 -12.4
-0.27071 -12.0
-0.27047 -11.5
-0.27022 -10.9
-0.26998 -10.3
-0.26974 -9.6
-0.26949 -8.9
-0.26925 -8.1
-0.269 -7.3
-0.26876 -6.5
-0.26851 -5.7
-0.26827 -4.8
-0.26803 -3.9
-0.26778 -2.9
-0.26754 -2.0
-0.26729 -1.1
-0.26705 -0.1
-0.26681 0.9
-0.26656 1.8
-0.26632 2.8
-0.26607 3.7
-0.26583 4.6
-0.26558 5.5
-0.26534 6.4
-0.2651 7.2
-0.26485 8.0
-0.26461 8.8
-0.26436 9.5
-0.26412 10.2
-0.26388 10.8
-0.26363 11.4
-0.26339 12.0
-0.26314 12.5
-0.2629 12.9
-0.26266 13.3
-0.26241 13.6
-0.26217 13.8
-0.26192 14.0
-0.26168 14.1
-0.26143 14.1
-0.26119 14.1
-0.26095 14.0
-0.2607 13.9
-0.26046 13.7
-0.26021 13.4
-0.25997 13.0
-0.25973 12.6
-0.25948 12.2
-0.25924 11.6
-0.25899 11.1
-0.25875 10.4
-0.2585 9.8
-0.25826 9.0
-0.25802 8.3
-0.25777 7.4
-0.25753 6.6
-0.25728 5.7
-0.25704 4.8
-0.2568 3.9
-0.25655 3.0
-0.25631 2.0
-0.25606 1.0
-0.25582 0.0
-0.25558 -0.9
-0.25533 -1.9
-0.25509 -2.9
-0.25484 -3.8
-0.2546 -4.8
-0.25435 -5.7
-0.25411 -6.6
-0.25387 -7.4
-0.25362 -8.2
-0.25338 -9.0
-0.25313 -9.8
-0.25289 -10.5
-0.25265 -11.1
-0.2524 -11.7
-0.25216 -12.2
-0.25191 -12.7
-0.25167 -13.1
-0.25142 -13.5
-0.25118 -13.8
-0.25094 -14.0
-0.25069 -14.2
-0.25045 -14.2
-0.2502 -14.3
-0.24996 -14.2
-0.24972 -14.1
-0.24947 -13.9
-0.24923 -13.7
-0.24898 -13.3
-0.24874 -13.0
-0.2485 -12.5
-0.24825 -12.0
-0.24801 -11.5
-0.24776 -10.8
-0.24752 -10.2
-0.24727 -9.4
-0.24703 -8.7
-0.24679 -7.9
-0.24654 -7.0
-0.2463 -6.1
-0.24605 -5.2
-0.24581 -4.3
-0.24557 -3.3
-0.24532 -2.3
-0.24508 -1.3
-0.24483 -0.3
-0.24459 0.7
-0.24434 1.7
-0.2441 2.7
-0.24386 3.6
-0.24361 4.6
-0.24337 5.5
-0.24312 6.4
-0.24288 7.3
-0.24264 8.2
-0.24239 9.0
-0.24215 9.8
-0.2419 10.5
-0.24166 11.1
-0.24142 11.7
-0.24117 12.3
-0.24093 12.8
-0.24068 13.2
-0.24044 13.6
-0.24019 13.9
-0.23995 14.1
-0.23971 14.3
-0.23946 14.4
-0.23922 14.4
-0.23897 14.3
-0.23873 14.2
-0.23849 14.0
-0.23824 13.8
-0.238 13.4
-0.23775 13.0
-0.23751 12.6
-0.23726 12.0
-0.23702 11.5
-0.23678 10.8
-0.23653 10.1
-0.23629 9.4
-0.23604 8.6
-0.2358 7.7
-0.23556 6.9
-0.23531 5.9
-0.23507 5.0
-0.23482 4.0
-0.23458 3.0
-0.23433 2.0
-0.23409 1.0
-0.23385 0.0
-0.2336 -1.1
-0.23336 -2.1
-0.23311 -3.1
-0.23287 -4.1
-0.23263 -5.1
-0.23238 -6.0
-0.23214 -6.9
-0.23189 -7.8
-0.23165 -8.7
-0.23141 -9.5
-0.23116 -10.2
-0.23092 -10.9
-0.23067 -11.6
-0.23043 -12.2
-0.23018 -12.7
-0.22994 -13.2
-0.2297 -13.6
-0.22945 -13.9
-0.22921 -14.2
-0.22896 -14.4
-0.22872 -14.5
-0.22848 -14.5
-0.22823 -14.5
-0.22799 -14.4
-0.22774 -14.2
-0.2275 -14.0
-0.22725 -13.7
-0.22701 -13.3
-0.22677 -12.8
-0.22652 -12.3
-0.22628 -11.7
-0.22603 -11.0
-0.22579 -10.3
-0.22555 -9.6
-0.2253 -8.8
-0.22506 -7.9
-0.22481 -7.0
-0.22457 -6.1
-0.22433 -5.1
-0.22408 -4.1
-0.22384 -3.1
-0.22359 -2.0
-0.22335 -1.0
-0.2231 0.0
-0.22286 1.1
-0.22262 2.1
-0.22237 3.2
-0.22213 4.2
-0.22188 5.2
-0.22164 6.2
-0.2214 7.1
-0.22115 8.0
-0.22091 8.9
-0.22066 9.7
-0.22042 10.5
-0.22017 11.2
-0.21993 11.9
-0.21969 12.4
-0.21944 13.0
-0.2192 13.4
-0.21895 13.8
-0.21871 14.2
-0.21847 14.4
-0.21822 14.6
-0.21798 14.7
-0.21773 14.7
-0.21749 14.6
-0.21725 14.5
-0.217 14.3
-0.21676 14.0
-0.21651 13.6
-0.21627 13.2
-0.21602 12.7
-0.21578 12.1
-0.21554 11.5
-0.21529 10.8
-0.21505 10.0
-0.2148 9.2
-0.21456 8.4
-0.21432 7.5
-0.21407 6.5
-0.21383 5.5
-0.21358 4.5
-0.21334 3.5
-0.21309 2.4
-0.21285 1.4
-0.21261 0.3
-0.21236 -0.8
-0.21212 -1.9
-0.21187 -2.9
-0.21163 -4.0
-0.21139 -5.0
-0.21114 -6.0
-0.2109 -7.0
-0.21065 -7.9
-0.21041 -8.8
-0.21017 -9.7
-0.20992 -10.5
-0.20968 -11.2
-0.20943 -11.9
-0.20919 -12.5
-0.20894 -13.1
-0.2087 -13.6
-0.20846 -14.0
-0.20821 -14.3
-0.20797 -14.6
-0.20772 -14.7
-0.20748 -14.8
-0.20724 -14.8
-0.20699 -14.8
-0.20675 -14.6
-0.2065 -14.4
-0.20626 -14.1
-0.20601 -13.7
-0.20577 -13.3
-0.20553 -12.7
-0.20528 -12.1
-0.20504 -11.5
-0.20479 -10.7
-0.20455 -10.0
-0.20431 -9.1
-0.20406 -8.2
-0.20382 -7.3
-0.20357 -6.3
-0.20333 -5.3
-0.20308 -4.2
-0.20284 -3.2
-0.2026 -2.1
-0.20235 -1.0
-0.20211 0.1
-0.20186 1.2
-0.20162 2.3
-0.20138 3.4
-0.20113 4.5
-0.20089 5.6
-0.20064 6.6
-0.2004 7.6
-0.20016 8.5
-0.19991 9.4
-0.19967 10.2
-0.19942 11.0
-0.19918 11.8
-0.19893 12.4
-0.19869 13.0
-0.19845 13.5
-0.1982 14.0
-0.19796 14.3
-0.19771 14.6
-0.19747 14.8
-0.19723 15.0
-0.19698 15.0
-0.19674 15.0
-0.19649 14.8
-0.19625 14.6
-0.196 14.3
-0.19576 14.0
-0.19552 13.5
-0.19527 13.0
-0.19503 12.4
-0.19478 11.7
-0.19454 11.0
-0.1943 10.1
-0.19405 9.3
-0.19381 8.4
-0.19356 7.4
-0.19332 6.4
-0.19308 5.4
-0.19283 4.3
-0.19259 3.2
-0.19234 2.1
-0.1921 0.9
-0.19185 -0.2
-0.19161 -1.4
-0.19137 -2.5
-0.19112 -3.6
-0.19088 -4.7
-0.19063 -5.8
-0.19039 -6.8
-0.19015 -7.8
-0.1899 -8.8
-0.18966 -9.7
-0.18941 -10.6
-0.18917 -11.3
-0.18892 -12.1
-0.18868 -12.7
-0.18844 -13.3
-0.18819 -13.8
-0.18795 -14.3
-0.1877 -14.6
-0.18746 -14.9
-0.18722 -15.1
-0.18697 -15.2
-0.18673 -15.2
-0.18648 -15.1
-0.18624 -14.9
-0.186 -14.7
-0.18575 -14.3
-0.18551 -13.9
-0.18526 -13.4
-0.18502 -12.8
-0.18477 -12.1
-0.18453 -11.4
-0.18429 -10.6
-0.18404 -9.7
-0.1838 -8.8
-0.18355 -7.8
-0.18331 -6.8
-0.18307 -5.7
-0.18282 -4.7
-0.18258 -3.5
-0.18233 -2.4
-0.18209 -1.2
-0.18184 0.0
-0.1816 1.1
-0.18136 2.3
-0.18111 3.5
-0.18087 4.6
-0.18062 5.7
-0.18038 6.8
-0.18014 7.8
-0.17989 8.8
-0.17965 9.7
-0.1794 10.6
-0.17916 11.5
-0.17892 12.2
-0.17867 12.9
-0.17843 13.5
-0.17818 14.0
-0.17794 14.5
-0.17769 14.8
-0.17745 15.1
-0.17721 15.3
-0.17696 15.3
-0.17672 15.3
-0.17647 15.2
-0.17623 15.0
-0.17599 14.8
-0.17574 14.4
-0.1755 13.9
-0.17525 13.4
-0.17501 12.8
-0.17476 12.1
-0.17452 11.3
-0.17428 10.4
-0.17403 9.5
-0.17379 8.6
-0.17354 7.5
-0.1733 6.5
-0.17306 5.4
-0.17281 4.2
-0.17257 3.0
-0.17232 1.9
-0.17208 0.7
-0.17183 -0.6
-0.17159 -1.8
-0.17135 -3.0
-0.1711 -4.1
-0.17086 -5.3
-0.17061 -6.4
-0.17037 -7.5
-0.17013 -8.5
-0.16988 -9.5
-0.16964 -10.5
-0.16939 -11.3
-0.16915 -12.1
-0.16891 -12.9
-0.16866 -13.5
-0.16842 -14.1
-0.16817 -14.5
-0.16793 -14.9
-0.16768 -15.2
-0.16744 -15.4
-0.1672 -15.5
-0.16695 -15.5
-0.16671 -15.4
-0.16646 -15.3
-0.16622 -15.0
-0.16598 -14.6
-0.16573 -14.1
-0.16549 -13.6
-0.16524 -12.9
-0.165 -12.2
-0.16475 -11.4
-0.16451 -10.5
-0.16427 -9.6
-0.16402 -8.6
-0.16378 -7.5
-0.16353 -6.4
-0.16329 -5.3
-0.16305 -4.1
-0.1628 -2.9
-0.16256 -1.6
-0.16231 -0.4
-0.16207 0.9
-0.16183 2.1
-0.16158 3.3
-0.16134 4.5
-0.16109 5.7
-0.16085 6.9
-0.1606 8.0
-0.16036 9.0
-0.16012 10.0
-0.15987 11.0
-0.15963 11.8
-0.15938 12.6
-0.15914 13.3
-0.1589 14.0
-0.15865 14.5
-0.15841 14.9
-0.15816 15.3
-0.15792 15.5
-0.15767 15.7
-0.15743 15.7
-0.15719 15.7
-0.15694 15.5
-0.1567 15.3
-0.15645 14.9
-0.15621 14.5
-0.15597 13.9
-0.15572 13.3
-0.15548 12.5
-0.15523 11.7
-0.15499 10.9
-0.15475 9.9
-0.1545 8.9
-0.15426 7.8
-0.15401 6.6
-0.15377 5.5
-0.15352 4.2
-0.15328 3.0
-0.15304 1.7
-0.15279 0.4
-0.15255 -0.8
-0.1523 -2.1
-0.15206 -3.4
-0.15182 -4.6
-0.15157 -5.9
-0.15133 -7.0
-0.15108 -8.2
-0.15084 -9.3
-0.15059 -10.3
-0.15035 -11.2
-0.15011 -12.1
-0.14986 -12.9
-0.14962 -13.6
-0.14937 -14.3
-0.14913 -14.8
-0.14889 -15.2
-0.14864 -15.6
-0.1484 -15.8
-0.14815 -15.9
-0.14791 -15.9
-0.14767 -15.8
-0.14742 -15.6
-0.14718 -15.3
-0.14693 -14.9
-0.14669 -14.4
-0.14644 -13.8
-0.1462 -13.1
-0.14596 -12.3
-0.14571 -11.4
-0.14547 -10.5
-0.14522 -9.4
-0.14498 -8.3
-0.14474 -7.2
-0.14449 -6.0
-0.14425 -4.7
-0.144 -3.5
-0.14376 -2.1
-0.14351 -0.8
-0.14327 0.5
-0.14303 1.8
-0.14278 3.1
-0.14254 4.4
-0.14229 5.7
-0.14205 6.9
-0.14181 8.1
-0.14156 9.3
-0.14132 10.3
-0.14107 11.3
-0.14083 12.2
-0.14058 13.1
-0.14034 13.8
-0.1401 14.5
-0.13985 15.0
-0.13961 15.5
-0.13936 15.8
-0.13912 16.0
-0.13888 16.1
-0.13863 16.1
-0.13839 16.0
-0.13814 15.8
-0.1379 15.5
-0.13766 15.0
-0.13741 14.5
-0.13717 13.8
-0.13692 13.1
-0.13668 12.2
-0.13643 11.3
-0.13619 10.3
-0.13595 9.2
-0.1357 8.0
-0.13546 6.8
-0.13521 5.5
-0.13497 4.2
-0.13473 2.9
-0.13448 1.5
-0.13424 0.2
-0.13399 -1.2
-0.13375 -2.6
-0.1335 -3.9
-0.13326 -5.3
-0.13302 -6.6
-0.13277 -7.8
-0.13253 -9.0
-0.13228 -10.1
-0.13204 -11.2
-0.1318 -12.2
-0.13155 -13.0
-0.13131 -13.8
-0.13106 -14.5
-0.13082 -15.1
-0.13058 -15.6
-0.13033 -16.0
-0.13009 -16.2
-0.12984 -16.4
-0.1296 -16.4
-0.12935 -16.3
-0.12911 -16.1
-0.12887 -15.7
-0.12862 -15.2
-0.12838 -14.7
-0.12813 -14.0
-0.12789 -13.2
-0.12765 -12.3
-0.1274 -11.3
-0.12716 -10.3
-0.12691 -9.1
-0.12667 -7.9
-0.12642 -6.7
-0.12618 -5.3
-0.12594 -4.0
-0.12569 -2.6
-0.12545 -1.2
-0.1252 0.3
-0.12496 1.7
-0.12472 3.1
-0.12447 4.5
-0.12423 5.9
-0.12398 7.2
-0.12374 8.5
-0.1235 9.7
-0.12325 10.8
-0.12301 11.9
-0.12276 12.8
-0.12252 13.7
-0.12227 14.5
-0.12203 15.1
-0.12179 15.7
-0.12154 16.1
-0.1213 16.4
-0.12105 16.6
-0.12081 16.6
-0.12057 16.6
-0.12032 16.4
-0.12008 16.0
-0.11983 15.6
-0.11959 15.0
-0.11934 14.3
-0.1191 13.5
-0.11886 12.6
-0.11861 11.6
-0.11837 10.5
-0.11812 9.3
-0.11788 8.1
-0.11764 6.8
-0.11739 5.4
-0.11715 4.0
-0.1169 2.5
-0.11666 1.1
-0.11642 -0.4
-0.11617 -1.9
-0.11593 -3.4
-0.11568 -4.8
-0.11544 -6.2
-0.11519 -7.6
-0.11495 -8.9
-0.11471 -10.1
-0.11446 -11.3
-0.11422 -12.4
-0.11397 -13.3
-0.11373 -14.2
-0.11349 -15.0
-0.11324 -15.6
-0.113 -16.1
-0.11275 -16.5
-0.11251 -16.8
-0.11226 -16.9
-0.11202 -16.9
-0.11178 -16.7
-0.11153 -16.4
-0.11129 -16.0
-0.11104 -15.5
-0.1108 -14.8
-0.11056 -14.0
-0.11031 -13.1
-0.11007 -12.1
-0.10982 -11.0
-0.10958 -9.8
-0.10933 -8.5
-0.10909 -7.1
-0.10885 -5.7
-0.1086 -4.2
-0.10836 -2.7
-0.10811 -1.2
-0.10787 0.4
-0.10763 1.9
-0.10738 3.4
-0.10714 4.9
-0.10689 6.4
-0.10665 7.8
-0.10641 9.2
-0.10616 10.4
-0.10592 11.6
-0.10567 12.7
-0.10543 13.7
-0.10518 14.6
-0.10494 15.4
-0.1047 16.0
-0.10445 16.5
-0.10421 16.9
-0.10396 17.1
-0.10372 17.2
-0.10348 17.1
-0.10323 16.9
-0.10299 16.5
-0.10274 16.0
-0.1025 15.4
-0.10225 14.7
-0.10201 13.8
-0.10177 12.7
-0.10152 11.6
-0.10128 10.4
-0.10103 9.1
-0.10079 7.7
-0.10055 6.2
-0.1003 4.7
-0.10006 3.2
-0.09981 1.6
-0.09957 0.0
-0.09933 -1.7
-0.09908 -3.3
-0.09884 -4.8
-0.09859 -6.4
-0.09835 -7.8
-0.0981 -9.3
-0.09786 -10.6
-0.09762 -11.8
-0.09737 -13.0
-0.09713 -14.0
-0.09688 -14.9
-0.09664 -15.7
-0.0964 -16.4
-0.09615 -16.9
-0.09591 -17.2
-0.09566 -17.4
-0.09542 -17.5
-0.09517 -17.4
-0.09493 -17.1
-0.09469 -16.7
-0.09444 -16.1
-0.0942 -15.4
-0.09395 -14.6
-0.09371 -13.6
-0.09347 -12.5
-0.09322 -11.3
-0.09298 -9.9
-0.09273 -8.5
-0.09249 -7.0
-0.09225 -5.4
-0.092 -3.8
-0.09176 -2.2
-0.09151 -0.5
-0.09127 1.2
-0.09102 2.9
-0.09078 4.5
-0.09054 6.1
-0.09029 7.7
-0.09005 9.2
-0.0898 10.6
-0.08956 11.9
-0.08932 13.1
-0.08907 14.2
-0.08883 15.2
-0.08858 16.0
-0.08834 16.7
-0.08809 17.2
-0.08785 17.6
-0.08761 17.8
-0.08736 17.8
-0.08712 17.7
-0.08687 17.4
-0.08663 16.9
-0.08639 16.3
-0.08614 15.5
-0.0859 14.5
-0.08565 13.5
-0.08541 12.3
-0.08517 10.9
-0.08492 9.5
-0.08468 8.0
-0.08443 6.4
-0.08419 4.7
-0.08394 3.0
-0.0837 1.3
-0.08346 -0.5
-0.08321 -2.3
-0.08297 -4.0
-0.08272 -5.7
-0.08248 -7.4
-0.08224 -9.0
-0.08199 -10.5
-0.08175 -11.9
-0.0815 -13.2
-0.08126 -14.4
-0.08101 -15.4
-0.08077 -16.3
-0.08053 -17.0
-0.08028 -17.5
-0.08004 -17.9
-0.07979 -18.1
-0.07955 -18.1
-0.07931 -18.0
-0.07906 -17.7
-0.07882 -17.1
-0.07857 -16.5
-0.07833 -15.6
-0.07808 -14.6
-0.07784 -13.4
-0.0776 -12.1
-0.07735 -10.7
-0.07711 -9.2
-0.07686 -7.5
-0.07662 -5.8
-0.07638 -4.0
-0.07613 -2.2
-0.07589 -0.4
-0.07564 1.5
-0.0754 3.3
-0.07516 5.2
-0.07491 6.9
-0.07467 8.6
-0.07442 10.3
-0.07418 11.8
-0.07393 13.2
-0.07369 14.4
-0.07345 15.5
-0.0732 16.5
-0.07296 17.3
-0.07271 17.9
-0.07247 18.3
-0.07223 18.5
-0.07198 18.5
-0.07174 18.4
-0.07149 18.0
-0.07125 17.4
-0.071 16.7
-0.07076 15.8
-0.07052 14.7
-0.07027 13.4
-0.07003 12.0
-0.06978 10.5
-0.06954 8.8
-0.0693 7.1
-0.06905 5.2
-0.06881 3.3
-0.06856 1.4
-0.06832 -0.6
-0.06808 -2.5
-0.06783 -4.5
-0.06759 -6.4
-0.06734 -8.2
-0.0671 -9.9
-0.06685 -11.6
-0.06661 -13.1
-0.06637 -14.5
-0.06612 -15.7
-0.06588 -16.7
-0.06563 -17.6
-0.06539 -18.2
-0.06515 -18.7
-0.0649 -18.9
-0.06466 -19.0
-0.06441 -18.8
-0.06417 -18.4
-0.06392 -17.8
-0.06368 -17.0
-0.06344 -15.9
-0.06319 -14.7
-0.06295 -13.4
-0.0627 -11.9
-0.06246 -10.2
-0.06222 -8.4
-0.06197 -6.5
-0.06173 -4.5
-0.06148 -2.5
-0.06124 -0.4
-0.061 1.7
-0.06075 3.7
-0.06051 5.8
-0.06026 7.7
-0.06002 9.6
-0.05977 11.4
-0.05953 13.0
-0.05929 14.5
-0.05904 15.8
-0.0588 17.0
-0.05855 17.9
-0.05831 18.6
-0.05807 19.1
-0.05782 19.4
-0.05758 19.4
-0.05733 19.2
-0.05709 18.8
-0.05684 18.1
-0.0566 17.2
-0.05636 16.1
-0.05611 14.8
-0.05587 13.3
-0.05562 11.6
-0.05538 9.8
-0.05514 7.8
-0.05489 5.8
-0.05465 3.6
-0.0544 1.4
-0.05416 -0.8
-0.05392 -3.0
-0.05367 -5.2
-0.05343 -7.3
-0.05318 -9.3
-0.05294 -11.3
-0.05269 -13.0
-0.05245 -14.7
-0.05221 -16.1
-0.05196 -17.3
-0.05172 -18.4
-0.05147 -19.1
-0.05123 -19.7
-0.05099 -19.9
-0.05074 -19.9
-0.0505 -19.7
-0.05025 -19.2
-0.05001 -18.4
-0.04976 -17.4
-0.04952 -16.1
-0.04928 -14.6
-0.04903 -13.0
-0.04879 -11.1
-0.04854 -9.1
-0.0483 -6.9
-0.04806 -4.7
-0.04781 -2.3
-0.04757 0.0
-0.04732 2.4
-0.04708 4.8
-0.04683 7.1
-0.04659 9.3
-0.04635 11.3
-0.0461 13.3
-0.04586 15.0
-0.04561 16.6
-0.04537 17.9
-0.04513 19.0
-0.04488 19.8
-0.04464 20.3
-0.04439 20.5
-0.04415 20.5
-0.04391 20.1
-0.04366 19.5
-0.04342 18.6
-0.04317 17.3
-0.04293 15.9
-0.04268 14.2
-0.04244 12.3
-0.0422 10.1
-0.04195 7.9
-0.04171 5.5
-0.04146 3.0
-0.04122 0.4
-0.04098 -2.1
-0.04073 -4.7
-0.04049 -7.2
-0.04024 -9.6
-0.04 -11.8
-0.03975 -13.9
-0.03951 -15.8
-0.03927 -17.4
-0.03902 -18.8
-0.03878 -19.9
-0.03853 -20.7
-0.03829 -21.1
-0.03805 -21.2
-0.0378 -21.0
-0.03756 -20.5
-0.03731 -19.6
-0.03707 -18.4
-0.03683 -16.9
-0.03658 -15.1
-0.03634 -13.1
-0.03609 -10.8
-0.03585 -8.4
-0.0356 -5.8
-0.03536 -3.1
-0.03512 -0.3
-0.03487 2.5
-0.03463 5.3
-0.03438 8.0
-0.03414 10.5
-0.0339 12.9
-0.03365 15.1
-0.03341 17.1
-0.03316 18.8
-0.03292 20.1
-0.03267 21.1
-0.03243 21.8
-0.03219 22.0
-0.03194 21.9
-0.0317 21.4
-0.03145 20.5
-0.03121 19.2
-0.03097 17.6
-0.03072 15.7
-0.03048 13.4
-0.03023 10.9
-0.02999 8.2
-0.02975 5.3
-0.0295 2.3
-0.02926 -0.8
-0.02901 -3.9
-0.02877 -6.9
-0.02852 -9.8
-0.02828 -12.6
-0.02804 -15.1
-0.02779 -17.3
-0.02755 -19.3
-0.0273 -20.8
-0.02706 -22.0
-0.02682 -22.7
-0.02657 -23.0
-0.02633 -22.8
-0.02608 -22.2
-0.02584 -21.1
-0.02559 -19.6
-0.02535 -17.6
-0.02511 -15.3
-0.02486 -12.7
-0.02462 -9.7
-0.02437 -6.6
-0.02413 -3.2
-0.02389 0.2
-0.02364 3.6
-0.0234 7.0
-0.02315 10.3
-0.02291 13.4
-0.02267 16.2
-0.02242 18.6
-0.02218 20.7
-0.02193 22.3
-0.02169 23.5
-0.02144 24.1
-0.0212 24.1
-0.02096 23.6
-0.02071 22.5
-0.02047 20.9
-0.02022 18.8
-0.01998 16.2
-0.01974 13.2
-0.01949 9.8
-0.01925 6.2
-0.019 2.4
-0.01876 -1.6
-0.01851 -5.5
-0.01827 -9.3
-0.01803 -12.9
-0.01778 -16.3
-0.01754 -19.2
-0.01729 -21.7
-0.01705 -23.6
-0.01681 -24.9
-0.01656 -25.5
-0.01632 -25.5
-0.01607 -24.7
-0.01583 -23.3
-0.01558 -21.1
-0.01534 -18.4
-0.0151 -15.0
-0.01485 -11.2
-0.01461 -7.0
-0.01436 -2.5
-0.01412 2.1
-0.01388 6.7
-0.01363 11.1
-0.01339 15.3
-0.01314 19.1
-0.0129 22.3
-0.01266 24.8
-0.01241 26.5
-0.01217 27.4
-0.01192 27.4
-0.01168 26.4
-0.01143 24.5
-0.01119 21.7
-0.01095 18.0
-0.0107 13.7
-0.01046 8.7
-0.01021 3.3
-0.00997 -2.3
-0.00973 -7.9
-0.00948 -13.3
-0.00924 -18.3
-0.00899 -22.7
-0.00875 -26.2
-0.0085 -28.6
-0.00826 -29.9
-0.00802 -29.9
-0.00777 -28.5
-0.00753 -25.7
-0.00728 -21.7
-0.00704 -16.5
-0.0068 -10.4
-0.00655 -3.5
-0.00631 3.7
-0.00606 11.0
-0.00582 17.8
-0.00558 23.9
-0.00533 28.8
-0.00509 32.1
-0.00484 33.5
-0.0046 32.9
-0.00435 30.0
-0.00411 25.0
-0.00387 18.0
-0.00362 9.4
-0.00338 -0.3
-0.00313 -10.3
-0.00289 -20.0
-0.00265 -28.4
-0.0024 -34.5
-0.00216 -37.6
-0.00191 -37.1
-0.00167 -32.6
-0.00142 -24.2
-0.00118 -12.4
-0.00094 1.5
-0.00069 16.0
-0.00045 28.9
-0.0002 37.9
4e-05 40.9
0.00028 36.5
0.00053 24.7
0.00077 7.6
0.00102 -11.1
0.00126 -26.5
0.0015 -34.3
0.00175 -32.6
0.00199 -22.2
0.00224 -6.8
0.00248 8.5
0.00273 19.2
0.00297 22.4
0.00321 18.3
0.00346 9.2
0.0037 -1.1
0.00395 -9.1
0.00419 -12.6
0.00443 -11.4
0.00468 -6.7
0.00492 -0.7
0.00517 4.3
0.00541 6.8
0.00566 6.5
0.0059 4.1
0.00614 0.8
0.00639 -2.1
0.00663 -3.7
0.00688 -3.7
0.00712 -2.4
0.00736 -0.6
0.00761 1.1
0.00785 2.0
0.0081 2.1
0.00834 1.4
0.00858 0.4
0.00883 -0.5
0.00907 -1.1
0.00932 -1.2
0.00956 -0.8
0.00981 -0.3
0.01005 0.3
0.01029 0.6
0.01054 0.7
0.01078 0.5
0.01103 0.2
0.01127 -0.1
0.01151 -0.3
0.01176 -0.4
0.012 -0.3
0.01225 -0.1
0.01249 0.0
0.01274 0.2
0.01298 0.2
0.01322 0.2
0.01347 0.0
0.01371 0.0
0.01396 0.0
0.0142 -0.1
0.01444 0.0
0.01469 0.0
0.01493 0.0
0.01518 0.0
0.01542 0.0
0.01567 0.0
0.01591 0.0
0.01615 0.0
0.0164 0.0
0.01664 0.0
0.01689 0.0
0.01713 0.0
0.01737 0.0
0.01762 0.0
0.01786 0.0
0.01811 0.0
0.01835 0.0
0.01859 0.0
0.01884 0.0
0.01908 0.0
0.01933 0.0
0.01957 0.0
0.01982 0.0
0.02006 0.0
0.0203 0.0
0.02055 0.0
0.02079 0.0
0.02104 0.0
0.02128 0.0
0.02152 0.0
0.02177 0.0
0.02201 0.0
0.02226 0.0
0.0225 0.0
0.02275 0.0
0.02299 0.0
0.02323 0.0
0.02348 0.0
0.02372 0.0
0.02397 0.0
0.02421 0.0
0.02445 0.0
0.0247 0.0
0.02494 0.0
0.02519 0.0
0.02543 0.0
0.02567 0.0
0.02592 0.0
0.02616 0.0
0.02641 0.0
0.02665 0.0
0.0269 0.0
0.02714 0.0
0.02738 0.0
0.02763 0.0
0.02787 0.0
0.02812 0.0
0.02836 0.0
0.0286 0.0
0.02885 0.0
0.02909 0.0
0.02934 0.0
0.02958 0.0
0.02983 0.0
0.03007 0.0
0.03031 0.0
0.03056 0.0
0.0308 0.0
0.03105 0.0
0.03129 0.0
0.03153 0.0
0.03178 0.0
0.03202 0.0
0.03227 0.0
0.03251 0.0
0.03275 0.0
0.033 0.0
0.03324 0.0
0.03349 0.0
0.03373 0.0
0.03398 0.0
0.03422 0.0
0.03446 0.0
0.03471 0.0
0.03495 0.0
0.0352 0.0
0.03544 0.0
0.03568 0.0
0.03593 0.0
0.03617 0.0
0.03642 0.0
0.03666 0.0
0.03691 0.0
0.03715 0.0
0.03739 0.0
0.03764 0.0
0.03788 0.0
0.03813 0.0
0.03837 0.0
0.03861 0.0
0.03886 0.0
0.0391 0.0
0.03935 0.0
0.03959 0.0
0.03983 0.0
0.04008 0.0
0.04032 0.0
0.04057 0.0
0.04081 0.0
0.04106 0.0
0.0413 0.0
0.04154 0.0
0.04179 0.0
0.04203 0.0
0.04228 0.0
0.04252 0.0
0.04276 0.0
0.04301 0.0
0.04325 0.0
0.0435 0.0
0.04374 0.0
0.04399 0.0
0.04423 0.0
0.04447 0.0
0.04472 0.0
0.04496 0.0
0.04521 0.0
0.04545 0.0
0.04569 0.0
0.04594 0.0
0.04618 0.0
0.04643 0.0
0.04667 0.0
0.04692 0.0
0.04716 0.0
0.0474 0.0
0.04765 0.0
0.04789 0.0
0.04814 0.0
0.04838 0.0
0.04862 0.0
0.04887 0.0
0.04911 0.0
0.04936 0.0
0.0496 0.0
0.04984 0.0
0.05009 0.0
0.05033 0.0
0.05058 0.0
0.05082 0.0
0.05107 0.0
0.05131 0.0
0.05155 0.0
0.0518 0.0
0.05204 0.0
0.05229 0.0
0.05253 0.0
0.05277 0.0
0.05302 0.0
0.05326 0.0
0.05351 0.0
0.05375 0.0
0.054 0.0
0.05424 0.0
0.05448 0.0
0.05473 0.0
0.05497 0.0
0.05522 0.0
0.05546 0.0
0.0557 0.0
0.05595 0.0
0.05619 0.0
0.05644 0.0
0.05668 0.0
0.05692 0.0
0.05717 0.0
0.05741 0.0
0.05766 0.0
0.0579 0.0
0.05815 0.0
0.05839 0.0
0.05863 0.0
0.05888 0.0
0.05912 0.0
0.05937 0.0
0.05961 0.0
0.05985 0.0
0.0601 0.0
0.06034 0.0
0.06059 0.0
0.06083 0.0
0.06108 0.0
0.06132 0.0
0.06156 0.0
0.06181 0.0
0.06205 0.0
0.0623 0.0
0.06254 0.0
0.06278 0.0
0.06303 0.0
0.06327 0.0
0.06352 0.0
0.06376 0.0
0.064 0.0
0.06425 0.0
0.06449 0.0
0.06474 0.0
0.06498 0.0
0.06523 0.0
0.06547 0.0
0.06571 0.0
0.06596 0.0
0.0662 0.0
0.06645 0.0
0.06669 0.0
0.06693 0.0
0.06718 0.0
0.06742 0.0
0.06767 0.0
0.06791 0.0
0.06816 0.0
0.0684 0.0
0.06864 0.0
0.06889 0.0
0.06913 0.0
0.06938 0.0
0.06962 0.0
0.06986 0.0
0.07011 0.0
0.07035 0.0
0.0706 0.0
0.07084 0.0
0.07108 0.0
0.07133 0.0
0.07157 0.0
0.07182 0.0
0.07206 0.0
0.07231 0.0
0.07255 0.0
0.07279 0.0
0.07304 0.0
0.07328 0.0
0.07353 0.0
0.07377 0.0
0.07401 0.0
0.07426 0.0
0.0745 0.0
0.07475 0.0
0.07499 0.0
0.07524 0.0
0.07548 0.0
0.07572 0.0
0.07597 0.0
0.07621 0.0
0.07646 0.0
0.0767 0.0
0.07694 0.0
0.07719 0.0
0.07743 0.0
0.07768 0.0
0.07792 0.0
0.07817 0.0
0.07841 0.0
0.07865 0.0
0.0789 0.0
0.07914 0.0
0.07939 0.0
0.07963 0.0
0.07987 0.0
0.08012 0.0
0.08036 0.0
0.08061 0.0
0.08085 0.0
0.08109 0.0
0.08134 0.0
0.08158 0.0
0.08183 0.0
0.08207 0.0
0.08232 0.0
0.08256 0.0
0.0828 0.0
0.08305 0.0
0.08329 0.0
0.08354 0.0
0.08378 0.0
0.08402 0.0
0.08427 0.0
0.08451 0.0
0.08476 0.0
0.085 0.0
0.08525 0.0
0.08549 0.0
0.08573 0.0
