t strain*1e23
-0.32441 21.1
-0.32416 20.6
-0.32392 20.1
-0.32367 19.6
-0.32343 19.0
-0.32318 18.4
-0.32294 17.7
-0.3227 17.0
-0.32245 16.3
-0.32221 15.6
-0.32196 14.8
-0.32172 14.0
-0.32148 13.2
-0.32123 12.4
-0.32099 11.5
-0.32074 10.6
-0.3205 9.7
-0.32026 8.8
-0.32001 7.8
-0.31977 6.9
-0.31952 5.9
-0.31928 4.9
-0.31903 3.9
-0.31879 2.9
-0.31855 1.9
-0.3183 0.9
-0.31806 0.0
-0.31781 -1.1
-0.31757 -2.1
-0.31733 -3.1
-0.31708 -4.1
-0.31684 -5.1
-0.31659 -6.1
-0.31635 -7.1
-0.3161 -8.0
-0.31586 -9.0
-0.31562 -9.9
-0.31537 -10.8
-0.31513 -11.7
-0.31488 -12.6
-0.31464 -13.4
-0.3144 -14.3
-0.31415 -15.1
-0.31391 -15.9
-0.31366 -16.6
-0.31342 -17.3
-0.31318 -18.0
-0.31293 -18.7
-0.31269 -19.3
-0.31244 -19.9
-0.3122 -20.5
-0.31195 -21.0
-0.31171 -21.5
-0.31147 -21.9
-0.31122 -22.3
-0.31098 -22.7
-0.31073 -23.0
-0.31049 -23.3
-0.31025 -23.5
-0.31 -23.7
-0.30976 -23.9
-0.30951 -24.0
-0.30927 -24.0
-0.30902 -24.0
-0.30878 -24.0
-0.30854 -24.0
-0.30829 -23.9
-0.30805 -23.7
-0.3078 -23.5
-0.30756 -23.3
-0.30732 -23.0
-0.30707 -22.7
-0.30683 -22.3
-0.30658 -21.9
-0.30634 -21.4
-0.3061 -21.0
-0.30585 -20.4
-0.30561 -19.9
-0.30536 -19.3
-0.30512 -18.6
-0.30487 -18.0
-0.30463 -17.3
-0.30439 -16.5
-0.30414 -15.8
-0.3039 -15.0
-0.30365 -14.1
-0.30341 -13.3
-0.30317 -12.4
-0.30292 -11.5
-0.30268 -10.6
-0.30243 -9.7
-0.30219 -8.7
-0.30194 -7.7
-0.3017 -6.7
-0.30146 -5.7
-0.30121 -4.7
-0.30097 -3.7
-0.30072 -2.7
-0.30048 -1.6
-0.30024 -0.6
-0.29999 0.5
-0.29975 1.5
-0.2995 2.5
-0.29926 3.6
-0.29902 4.6
-0.29877 5.6
-0.29853 6.6
-0.29828 7.6
-0.29804 8.6
-0.29779 9.6
-0.29755 10.6
-0.29731 11.5
-0.29706 12.4
-0.29682 13.3
-0.29657 14.2
-0.29633 15.0
-0.29609 15.8
-0.29584 16.6
-0.2956 17.4
-0.29535 18.1
-0.29511 18.8
-0.29486 19.4
-0.29462 20.0
-0.29438 20.6
-0.29413 21.2
-0.29389 21.7
-0.29364 22.1
-0.2934 22.6
-0.29316 22.9
-0.29291 23.3
-0.29267 23.6
-0.29242 23.8
-0.29218 24.0
-0.29193 24.2
-0.29169 24.3
-0.29145 24.3
-0.2912 24.4
-0.29096 24.3
-0.29071 24.3
-0.29047 24.1
-0.29023 24.0
-0.28998 23.8
-0.28974 23.5
-0.28949 23.2
-0.28925 22.9
-0.28901 22.5
-0.28876 22.1
-0.28852 21.6
-0.28827 21.1
-0.28803 20.5
-0.28778 19.9
-0.28754 19.3
-0.2873 18.6
-0.28705 17.9
-0.28681 17.2
-0.28656 16.4
-0.28632 15.6
-0.28608 14.7
-0.28583 13.9
-0.28559 13.0
-0.28534 12.1
-0.2851 11.1
-0.28485 10.2
-0.28461 9.2
-0.28437 8.2
-0.28412 7.2
-0.28388 6.1
-0.28363 5.1
-0.28339 4.0
-0.28315 3.0
-0.2829 1.9
-0.28266 0.8
-0.28241 -0.3
-0.28217 -1.3
-0.28193 -2.4
-0.28168 -3.5
-0.28144 -4.6
-0.28119 -5.6
-0.28095 -6.7
-0.2807 -7.7
-0.28046 -8.7
-0.28022 -9.7
-0.27997 -10.7
-0.27973 -11.7
-0.27948 -12.6
-0.27924 -13.5
-0.279 -14.4
-0.27875 -15.3
-0.27851 -16.1
-0.27826 -17.0
-0.27802 -17.7
-0.27777 -18.5
-0.27753 -19.2
-0.27729 -19.8
-0.27704 -20.5
-0.2768 -21.1
-0.27655 -21.6
-0.27631 -22.1
-0.27607 -22.6
-0.27582 -23.0
-0.27558 -23.4
-0.27533 -23.7
-0.27509 -24.0
-0.27485 -24.2
-0.2746 -24.4
-0.27436 -24.6
-0.27411 -24.6
-0.27387 -24.7
-0.27362 -24.7
-0.27338 -24.6
-0.27314 -24.5
-0.27289 -24.4
-0.27265 -24.2
-0.2724 -23.9
-0.27216 -23.6
-0.27192 -23.3
-0.27167 -22.9
-0.27143 -22.5
-0.27118 -22.0
-0.27094 -21.5
-0.27069 -20.9
-0.27045 -20.3
-0.27021 -19.7
-0.26996 -19.0
-0.26972 -18.2
-0.26947 -17.5
-0.26923 -16.7
-0.26899 -15.8
-0.26874 -15.0
-0.2685 -14.1
-0.26825 -13.2
-0.26801 -12.2
-0.26777 -11.2
-0.26752 -10.2
-0.26728 -9.2
-0.26703 -8.2
-0.26679 -7.1
-0.26654 -6.0
-0.2663 -5.0
-0.26606 -3.9
-0.26581 -2.8
-0.26557 -1.6
-0.26532 -0.5
-0.26508 0.6
-0.26484 1.7
-0.26459 2.8
-0.26435 3.9
-0.2641 5.0
-0.26386 6.1
-0.26361 7.2
-0.26337 8.3
-0.26313 9.3
-0.26288 10.4
-0.26264 11.4
-0.26239 12.4
-0.26215 13.3
-0.26191 14.3
-0.26166 15.2
-0.26142 16.1
-0.26117 16.9
-0.26093 17.7
-0.26068 18.5
-0.26044 19.2
-0.2602 19.9
-0.25995 20.6
-0.25971 21.2
-0.25946 21.8
-0.25922 22.3
-0.25898 22.8
-0.25873 23.3
-0.25849 23.7
-0.25824 24.0
-0.258 24.3
-0.25776 24.6
-0.25751 24.8
-0.25727 24.9
-0.25702 25.0
-0.25678 25.0
-0.25653 25.0
-0.25629 25.0
-0.25605 24.9
-0.2558 24.7
-0.25556 24.5
-0.25531 24.2
-0.25507 23.9
-0.25483 23.6
-0.25458 23.1
-0.25434 22.7
-0.25409 22.2
-0.25385 21.6
-0.2536 21.0
-0.25336 20.4
-0.25312 19.7
-0.25287 19.0
-0.25263 18.2
-0.25238 17.4
-0.25214 16.5
-0.2519 15.7
-0.25165 14.7
-0.25141 13.8
-0.25116 12.8
-0.25092 11.8
-0.25068 10.8
-0.25043 9.7
-0.25019 8.7
-0.24994 7.6
-0.2497 6.5
-0.24945 5.4
-0.24921 4.2
-0.24897 3.1
-0.24872 1.9
-0.24848 0.8
-0.24823 -0.4
-0.24799 -1.5
-0.24775 -2.7
-0.2475 -3.9
-0.24726 -5.0
-0.24701 -6.1
-0.24677 -7.3
-0.24652 -8.4
-0.24628 -9.5
-0.24604 -10.5
-0.24579 -11.6
-0.24555 -12.6
-0.2453 -13.6
-0.24506 -14.6
-0.24482 -15.5
-0.24457 -16.4
-0.24433 -17.3
-0.24408 -18.2
-0.24384 -19.0
-0.2436 -19.7
-0.24335 -20.4
-0.24311 -21.1
-0.24286 -21.7
-0.24262 -22.3
-0.24237 -22.9
-0.24213 -23.4
-0.24189 -23.8
-0.24164 -24.2
-0.2414 -24.5
-0.24115 -24.8
-0.24091 -25.1
-0.24067 -25.2
-0.24042 -25.4
-0.24018 -25.4
-0.23993 -25.4
-0.23969 -25.4
-0.23944 -25.3
-0.2392 -25.2
-0.23896 -25.0
-0.23871 -24.7
-0.23847 -24.4
-0.23822 -24.0
-0.23798 -23.6
-0.23774 -23.1
-0.23749 -22.6
-0.23725 -22.0
-0.237 -21.4
-0.23676 -20.8
-0.23652 -20.0
-0.23627 -19.3
-0.23603 -18.5
-0.23578 -17.7
-0.23554 -16.8
-0.23529 -15.9
-0.23505 -14.9
-0.23481 -13.9
-0.23456 -12.9
-0.23432 -11.9
-0.23407 -10.8
-0.23383 -9.7
-0.23359 -8.6
-0.23334 -7.4
-0.2331 -6.3
-0.23285 -5.1
-0.23261 -3.9
-0.23236 -2.7
-0.23212 -1.5
-0.23188 -0.3
-0.23163 0.9
-0.23139 2.1
-0.23114 3.3
-0.2309 4.5
-0.23066 5.7
-0.23041 6.8
-0.23017 8.0
-0.22992 9.1
-0.22968 10.3
-0.22943 11.4
-0.22919 12.5
-0.22895 13.5
-0.2287 14.5
-0.22846 15.5
-0.22821 16.5
-0.22797 17.4
-0.22773 18.3
-0.22748 19.1
-0.22724 19.9
-0.22699 20.7
-0.22675 21.4
-0.22651 22.0
-0.22626 22.7
-0.22602 23.2
-0.22577 23.7
-0.22553 24.2
-0.22528 24.6
-0.22504 24.9
-0.2248 25.2
-0.22455 25.5
-0.22431 25.7
-0.22406 25.8
-0.22382 25.8
-0.22358 25.8
-0.22333 25.8
-0.22309 25.7
-0.22284 25.5
-0.2226 25.3
-0.22235 25.0
-0.22211 24.6
-0.22187 24.2
-0.22162 23.8
-0.22138 23.3
-0.22113 22.7
-0.22089 22.1
-0.22065 21.4
-0.2204 20.7
-0.22016 20.0
-0.21991 19.1
-0.21967 18.3
-0.21943 17.4
-0.21918 16.4
-0.21894 15.5
-0.21869 14.4
-0.21845 13.4
-0.2182 12.3
-0.21796 11.2
-0.21772 10.1
-0.21747 8.9
-0.21723 7.7
-0.21698 6.5
-0.21674 5.3
-0.2165 4.1
-0.21625 2.8
-0.21601 1.6
-0.21576 0.3
-0.21552 -0.9
-0.21527 -2.2
-0.21503 -3.4
-0.21479 -4.7
-0.21454 -5.9
-0.2143 -7.1
-0.21405 -8.3
-0.21381 -9.5
-0.21357 -10.7
-0.21332 -11.8
-0.21308 -13.0
-0.21283 -14.0
-0.21259 -15.1
-0.21235 -16.1
-0.2121 -17.1
-0.21186 -18.0
-0.21161 -18.9
-0.21137 -19.8
-0.21112 -20.6
-0.21088 -21.4
-0.21064 -22.1
-0.21039 -22.8
-0.21015 -23.4
-0.2099 -23.9
-0.20966 -24.4
-0.20942 -24.9
-0.20917 -25.3
-0.20893 -25.6
-0.20868 -25.8
-0.20844 -26.0
-0.20819 -26.2
-0.20795 -26.3
-0.20771 -26.3
-0.20746 -26.2
-0.20722 -26.1
-0.20697 -26.0
-0.20673 -25.7
-0.20649 -25.4
-0.20624 -25.1
-0.206 -24.7
-0.20575 -24.2
-0.20551 -23.6
-0.20527 -23.0
-0.20502 -22.4
-0.20478 -21.7
-0.20453 -20.9
-0.20429 -20.1
-0.20404 -19.3
-0.2038 -18.4
-0.20356 -17.4
-0.20331 -16.4
-0.20307 -15.4
-0.20282 -14.3
-0.20258 -13.2
-0.20234 -12.1
-0.20209 -10.9
-0.20185 -9.7
-0.2016 -8.5
-0.20136 -7.3
-0.20111 -6.0
-0.20087 -4.7
-0.20063 -3.4
-0.20038 -2.1
-0.20014 -0.8
-0.19989 0.5
-0.19965 1.8
-0.19941 3.1
-0.19916 4.4
-0.19892 5.7
-0.19867 7.0
-0.19843 8.2
-0.19818 9.5
-0.19794 10.7
-0.1977 11.9
-0.19745 13.1
-0.19721 14.2
-0.19696 15.3
-0.19672 16.4
-0.19648 17.4
-0.19623 18.4
-0.19599 19.3
-0.19574 20.2
-0.1955 21.1
-0.19526 21.9
-0.19501 22.6
-0.19477 23.3
-0.19452 23.9
-0.19428 24.5
-0.19403 25.0
-0.19379 25.4
-0.19355 25.8
-0.1933 26.1
-0.19306 26.4
-0.19281 26.6
-0.19257 26.7
-0.19233 26.7
-0.19208 26.7
-0.19184 26.6
-0.19159 26.5
-0.19135 26.3
-0.1911 26.0
-0.19086 25.7
-0.19062 25.2
-0.19037 24.8
-0.19013 24.2
-0.18988 23.6
-0.18964 23.0
-0.1894 22.2
-0.18915 21.5
-0.18891 20.6
-0.18866 19.8
-0.18842 18.8
-0.18818 17.8
-0.18793 16.8
-0.18769 15.7
-0.18744 14.6
-0.1872 13.5
-0.18695 12.3
-0.18671 11.0
-0.18647 9.8
-0.18622 8.5
-0.18598 7.2
-0.18573 5.9
-0.18549 4.5
-0.18525 3.2
-0.185 1.8
-0.18476 0.5
-0.18451 -0.9
-0.18427 -2.3
-0.18402 -3.6
-0.18378 -5.0
-0.18354 -6.3
-0.18329 -7.7
-0.18305 -9.0
-0.1828 -10.3
-0.18256 -11.5
-0.18232 -12.8
-0.18207 -14.0
-0.18183 -15.1
-0.18158 -16.3
-0.18134 -17.4
-0.1811 -18.4
-0.18085 -19.4
-0.18061 -20.3
-0.18036 -21.2
-0.18012 -22.1
-0.17987 -22.9
-0.17963 -23.6
-0.17939 -24.3
-0.17914 -24.9
-0.1789 -25.4
-0.17865 -25.9
-0.17841 -26.3
-0.17817 -26.6
-0.17792 -26.9
-0.17768 -27.1
-0.17743 -27.2
-0.17719 -27.2
-0.17694 -27.2
-0.1767 -27.1
-0.17646 -26.9
-0.17621 -26.7
-0.17597 -26.4
-0.17572 -26.0
-0.17548 -25.6
-0.17524 -25.0
-0.17499 -24.5
-0.17475 -23.8
-0.1745 -23.1
-0.17426 -22.3
-0.17402 -21.5
-0.17377 -20.6
-0.17353 -19.6
-0.17328 -18.6
-0.17304 -17.5
-0.17279 -16.4
-0.17255 -15.3
-0.17231 -14.1
-0.17206 -12.8
-0.17182 -11.6
-0.17157 -10.3
-0.17133 -8.9
-0.17109 -7.6
-0.17084 -6.2
-0.1706 -4.8
-0.17035 -3.4
-0.17011 -1.9
-0.16986 -0.5
-0.16962 0.9
-0.16938 2.4
-0.16913 3.8
-0.16889 5.2
-0.16864 6.6
-0.1684 8.0
-0.16816 9.4
-0.16791 10.7
-0.16767 12.0
-0.16742 13.3
-0.16718 14.6
-0.16693 15.8
-0.16669 17.0
-0.16645 18.1
-0.1662 19.2
-0.16596 20.2
-0.16571 21.2
-0.16547 22.1
-0.16523 22.9
-0.16498 23.7
-0.16474 24.5
-0.16449 25.1
-0.16425 25.7
-0.16401 26.2
-0.16376 26.7
-0.16352 27.0
-0.16327 27.3
-0.16303 27.5
-0.16278 27.7
-0.16254 27.8
-0.1623 27.7
-0.16205 27.7
-0.16181 27.5
-0.16156 27.2
-0.16132 26.9
-0.16108 26.5
-0.16083 26.0
-0.16059 25.5
-0.16034 24.9
-0.1601 24.2
-0.15985 23.4
-0.15961 22.6
-0.15937 21.7
-0.15912 20.7
-0.15888 19.7
-0.15863 18.6
-0.15839 17.5
-0.15815 16.3
-0.1579 15.1
-0.15766 13.8
-0.15741 12.5
-0.15717 11.1
-0.15693 9.7
-0.15668 8.3
-0.15644 6.9
-0.15619 5.4
-0.15595 3.9
-0.1557 2.4
-0.15546 0.9
-0.15522 -0.6
-0.15497 -2.1
-0.15473 -3.6
-0.15448 -5.1
-0.15424 -6.6
-0.154 -8.0
-0.15375 -9.5
-0.15351 -10.9
-0.15326 -12.3
-0.15302 -13.7
-0.15277 -15.0
-0.15253 -16.2
-0.15229 -17.5
-0.15204 -18.7
-0.1518 -19.8
-0.15155 -20.8
-0.15131 -21.9
-0.15107 -22.8
-0.15082 -23.7
-0.15058 -24.5
-0.15033 -25.2
-0.15009 -25.9
-0.14985 -26.5
-0.1496 -27.0
-0.14936 -27.4
-0.14911 -27.8
-0.14887 -28.0
-0.14862 -28.2
-0.14838 -28.3
-0.14814 -28.3
-0.14789 -28.3
-0.14765 -28.1
-0.1474 -27.9
-0.14716 -27.6
-0.14692 -27.1
-0.14667 -26.7
-0.14643 -26.1
-0.14618 -25.4
-0.14594 -24.7
-0.14569 -23.9
-0.14545 -23.0
-0.14521 -22.1
-0.14496 -21.1
-0.14472 -20.0
-0.14447 -18.8
-0.14423 -17.6
-0.14399 -16.4
-0.14374 -15.1
-0.1435 -13.7
-0.14325 -12.3
-0.14301 -10.9
-0.14277 -9.4
-0.14252 -7.9
-0.14228 -6.4
-0.14203 -4.8
-0.14179 -3.2
-0.14154 -1.6
-0.1413 0.0
-0.14106 1.5
-0.14081 3.1
-0.14057 4.7
-0.14032 6.3
-0.14008 7.8
-0.13984 9.4
-0.13959 10.9
-0.13935 12.3
-0.1391 13.8
-0.13886 15.2
-0.13861 16.5
-0.13837 17.8
-0.13813 19.1
-0.13788 20.3
-0.13764 21.4
-0.13739 22.4
-0.13715 23.4
-0.13691 24.4
-0.13666 25.2
-0.13642 26.0
-0.13617 26.6
-0.13593 27.2
-0.13568 27.8
-0.13544 28.2
-0.1352 28.5
-0.13495 28.8
-0.13471 28.9
-0.13446 29.0
-0.13422 29.0
-0.13398 28.8
-0.13373 28.6
-0.13349 28.3
-0.13324 27.9
-0.133 27.4
-0.13276 26.8
-0.13251 26.2
-0.13227 25.4
-0.13202 24.6
-0.13178 23.7
-0.13153 22.7
-0.13129 21.6
-0.13105 20.5
-0.1308 19.2
-0.13056 18.0
-0.13031 16.6
-0.13007 15.2
-0.12983 13.8
-0.12958 12.3
-0.12934 10.8
-0.12909 9.2
-0.12885 7.6
-0.1286 6.0
-0.12836 4.3
-0.12812 2.6
-0.12787 1.0
-0.12763 -0.7
-0.12738 -2.4
-0.12714 -4.1
-0.1269 -5.8
-0.12665 -7.4
-0.12641 -9.0
-0.12616 -10.7
-0.12592 -12.2
-0.12568 -13.8
-0.12543 -15.2
-0.12519 -16.7
-0.12494 -18.1
-0.1247 -19.4
-0.12445 -20.7
-0.12421 -21.9
-0.12397 -23.0
-0.12372 -24.0
-0.12348 -25.0
-0.12323 -25.9
-0.12299 -26.7
-0.12275 -27.4
-0.1225 -28.0
-0.12226 -28.5
-0.12201 -29.0
-0.12177 -29.3
-0.12152 -29.5
-0.12128 -29.6
-0.12104 -29.7
-0.12079 -29.6
-0.12055 -29.4
-0.1203 -29.1
-0.12006 -28.8
-0.11982 -28.3
-0.11957 -27.7
-0.11933 -27.0
-0.11908 -26.2
-0.11884 -25.4
-0.1186 -24.4
-0.11835 -23.4
-0.11811 -22.3
-0.11786 -21.1
-0.11762 -19.8
-0.11737 -18.4
-0.11713 -17.0
-0.11689 -15.5
-0.11664 -14.0
-0.1164 -12.4
-0.11615 -10.8
-0.11591 -9.1
-0.11567 -7.4
-0.11542 -5.7
-0.11518 -3.9
-0.11493 -2.1
-0.11469 -0.3
-0.11444 1.5
-0.1142 3.3
-0.11396 5.0
-0.11371 6.8
-0.11347 8.6
-0.11322 10.3
-0.11298 12.0
-0.11274 13.6
-0.11249 15.2
-0.11225 16.8
-0.112 18.2
-0.11176 19.7
-0.11152 21.0
-0.11127 22.3
-0.11103 23.5
-0.11078 24.6
-0.11054 25.7
-0.11029 26.6
-0.11005 27.4
-0.10981 28.2
-0.10956 28.8
-0.10932 29.4
-0.10907 29.8
-0.10883 30.1
-0.10859 30.3
-0.10834 30.4
-0.1081 30.4
-0.10785 30.3
-0.10761 30.0
-0.10736 29.7
-0.10712 29.2
-0.10688 28.7
-0.10663 28.0
-0.10639 27.2
-0.10614 26.3
-0.1059 25.3
-0.10566 24.2
-0.10541 23.0
-0.10517 21.8
-0.10492 20.4
-0.10468 19.0
-0.10443 17.5
-0.10419 15.9
-0.10395 14.2
-0.1037 12.5
-0.10346 10.8
-0.10321 9.0
-0.10297 7.2
-0.10273 5.3
-0.10248 3.4
-0.10224 1.5
-0.10199 -0.4
-0.10175 -2.3
-0.10151 -4.2
-0.10126 -6.1
-0.10102 -8.0
-0.10077 -9.9
-0.10053 -11.7
-0.10028 -13.4
-0.10004 -15.2
-0.0998 -16.8
-0.09955 -18.4
-0.09931 -20.0
-0.09906 -21.4
-0.09882 -22.8
-0.09858 -24.1
-0.09833 -25.3
-0.09809 -26.4
-0.09784 -27.4
-0.0976 -28.3
-0.09735 -29.1
-0.09711 -29.7
-0.09687 -30.3
-0.09662 -30.7
-0.09638 -31.0
-0.09613 -31.2
-0.09589 -31.3
-0.09565 -31.2
-0.0954 -31.0
-0.09516 -30.7
-0.09491 -30.3
-0.09467 -29.7
-0.09443 -29.0
-0.09418 -28.2
-0.09394 -27.3
-0.09369 -26.2
-0.09345 -25.1
-0.0932 -23.8
-0.09296 -22.5
-0.09272 -21.0
-0.09247 -19.5
-0.09223 -17.9
-0.09198 -16.2
-0.09174 -14.4
-0.0915 -12.6
-0.09125 -10.7
-0.09101 -8.7
-0.09076 -6.8
-0.09052 -4.8
-0.09027 -2.7
-0.09003 -0.7
-0.08979 1.4
-0.08954 3.4
-0.0893 5.5
-0.08905 7.5
-0.08881 9.5
-0.08857 11.5
-0.08832 13.4
-0.08808 15.3
-0.08783 17.1
-0.08759 18.8
-0.08735 20.5
-0.0871 22.1
-0.08686 23.5
-0.08661 24.9
-0.08637 26.2
-0.08612 27.4
-0.08588 28.4
-0.08564 29.4
-0.08539 30.2
-0.08515 30.9
-0.0849 31.4
-0.08466 31.8
-0.08442 32.1
-0.08417 32.2
-0.08393 32.2
-0.08368 32.1
-0.08344 31.8
-0.08319 31.3
-0.08295 30.8
-0.08271 30.0
-0.08246 29.2
-0.08222 28.2
-0.08197 27.1
-0.08173 25.9
-0.08149 24.5
-0.08124 23.0
-0.081 21.5
-0.08075 19.8
-0.08051 18.0
-0.08027 16.2
-0.08002 14.2
-0.07978 12.2
-0.07953 10.2
-0.07929 8.1
-0.07904 5.9
-0.0788 3.7
-0.07856 1.5
-0.07831 -0.7
-0.07807 -2.9
-0.07782 -5.2
-0.07758 -7.4
-0.07734 -9.5
-0.07709 -11.7
-0.07685 -13.8
-0.0766 -15.8
-0.07636 -17.7
-0.07611 -19.6
-0.07587 -21.4
-0.07563 -23.1
-0.07538 -24.7
-0.07514 -26.2
-0.07489 -27.5
-0.07465 -28.7
-0.07441 -29.8
-0.07416 -30.8
-0.07392 -31.6
-0.07367 -32.3
-0.07343 -32.8
-0.07318 -33.1
-0.07294 -33.3
-0.0727 -33.3
-0.07245 -33.2
-0.07221 -32.9
-0.07196 -32.4
-0.07172 -31.8
-0.07148 -31.0
-0.07123 -30.1
-0.07099 -29.0
-0.07074 -27.8
-0.0705 -26.4
-0.07026 -24.9
-0.07001 -23.2
-0.06977 -21.5
-0.06952 -19.6
-0.06928 -17.6
-0.06903 -15.6
-0.06879 -13.4
-0.06855 -11.2
-0.0683 -8.9
-0.06806 -6.6
-0.06781 -4.2
-0.06757 -1.8
-0.06733 0.7
-0.06708 3.1
-0.06684 5.5
-0.06659 7.9
-0.06635 10.3
-0.0661 12.6
-0.06586 14.9
-0.06562 17.1
-0.06537 19.2
-0.06513 21.2
-0.06488 23.1
-0.06464 24.9
-0.0644 26.6
-0.06415 28.1
-0.06391 29.5
-0.06366 30.7
-0.06342 31.8
-0.06318 32.7
-0.06293 33.4
-0.06269 34.0
-0.06244 34.4
-0.0622 34.6
-0.06195 34.6
-0.06171 34.4
-0.06147 34.0
-0.06122 33.4
-0.06098 32.7
-0.06073 31.8
-0.06049 30.7
-0.06025 29.4
-0.06 27.9
-0.05976 26.3
-0.05951 24.6
-0.05927 22.7
-0.05902 20.6
-0.05878 18.5
-0.05854 16.2
-0.05829 13.8
-0.05805 11.4
-0.0578 8.8
-0.05756 6.3
-0.05732 3.6
-0.05707 1.0
-0.05683 -1.7
-0.05658 -4.4
-0.05634 -7.1
-0.0561 -9.7
-0.05585 -12.3
-0.05561 -14.8
-0.05536 -17.2
-0.05512 -19.6
-0.05487 -21.8
-0.05463 -24.0
-0.05439 -26.0
-0.05414 -27.8
-0.0539 -29.5
-0.05365 -31.0
-0.05341 -32.3
-0.05317 -33.5
-0.05292 -34.4
-0.05268 -35.1
-0.05243 -35.7
-0.05219 -36.0
-0.05194 -36.0
-0.0517 -35.9
-0.05146 -35.6
-0.05121 -35.0
-0.05097 -34.2
-0.05072 -33.2
-0.05048 -31.9
-0.05024 -30.5
-0.04999 -28.9
-0.04975 -27.1
-0.0495 -25.1
-0.04926 -22.9
-0.04902 -20.6
-0.04877 -18.1
-0.04853 -15.5
-0.04828 -12.8
-0.04804 -10.0
-0.04779 -7.1
-0.04755 -4.2
-0.04731 -1.2
-0.04706 1.7
-0.04682 4.7
-0.04657 7.7
-0.04633 10.7
-0.04609 13.5
-0.04584 16.3
-0.0456 19.0
-0.04535 21.6
-0.04511 24.1
-0.04486 26.4
-0.04462 28.5
-0.04438 30.4
-0.04413 32.2
-0.04389 33.7
-0.04364 35.0
-0.0434 36.1
-0.04316 36.9
-0.04291 37.4
-0.04267 37.7
-0.04242 37.8
-0.04218 37.5
-0.04193 37.0
-0.04169 36.3
-0.04145 35.2
-0.0412 33.9
-0.04096 32.4
-0.04071 30.6
-0.04047 28.6
-0.04023 26.3
-0.03998 23.9
-0.03974 21.2
-0.03949 18.4
-0.03925 15.4
-0.03901 12.3
-0.03876 9.1
-0.03852 5.8
-0.03827 2.5
-0.03803 -0.9
-0.03778 -4.3
-0.03754 -7.7
-0.0373 -11.0
-0.03705 -14.3
-0.03681 -17.5
-0.03656 -20.6
-0.03632 -23.5
-0.03608 -26.2
-0.03583 -28.8
-0.03559 -31.1
-0.03534 -33.2
-0.0351 -35.1
-0.03485 -36.6
-0.03461 -37.9
-0.03437 -38.9
-0.03412 -39.6
-0.03388 -39.9
-0.03363 -39.9
-0.03339 -39.6
-0.03315 -38.9
-0.0329 -37.9
-0.03266 -36.6
-0.03241 -34.9
-0.03217 -32.9
-0.03193 -30.7
-0.03168 -28.1
-0.03144 -25.3
-0.03119 -22.3
-0.03095 -19.0
-0.0307 -15.5
-0.03046 -11.9
-0.03022 -8.2
-0.02997 -4.3
-0.02973 -0.4
-0.02948 3.6
-0.02924 7.5
-0.029 11.4
-0.02875 15.2
-0.02851 18.9
-0.02826 22.5
-0.02802 25.9
-0.02777 29.0
-0.02753 31.9
-0.02729 34.5
-0.02704 36.8
-0.0268 38.7
-0.02655 40.3
-0.02631 41.5
-0.02607 42.2
-0.02582 42.6
-0.02558 42.5
-0.02533 42.0
-0.02509 41.0
-0.02485 39.7
-0.0246 37.8
-0.02436 35.6
-0.02411 33.0
-0.02387 30.0
-0.02362 26.6
-0.02338 23.0
-0.02314 19.0
-0.02289 14.8
-0.02265 10.4
-0.0224 5.8
-0.02216 1.2
-0.02192 -3.6
-0.02167 -8.3
-0.02143 -13.0
-0.02118 -17.5
-0.02094 -22.0
-0.02069 -26.1
-0.02045 -30.1
-0.02021 -33.7
-0.01996 -36.9
-0.01972 -39.7
-0.01947 -42.0
-0.01923 -43.9
-0.01899 -45.2
-0.01874 -45.9
-0.0185 -46.1
-0.01825 -45.6
-0.01801 -44.6
-0.01777 -42.9
-0.01752 -40.7
-0.01728 -37.9
-0.01703 -34.5
-0.01679 -30.6
-0.01654 -26.2
-0.0163 -21.4
-0.01606 -16.2
-0.01581 -10.8
-0.01557 -5.1
-0.01532 0.8
-0.01508 6.7
-0.01484 12.6
-0.01459 18.3
-0.01435 23.9
-0.0141 29.2
-0.01386 34.1
-0.01361 38.5
-0.01337 42.3
-0.01313 45.6
-0.01288 48.0
-0.01264 49.8
-0.01239 50.6
-0.01215 50.6
-0.01191 49.7
-0.01166 47.9
-0.01142 45.2
-0.01117 41.6
-0.01093 37.2
-0.01068 31.9
-0.01044 26.0
-0.0102 19.4
-0.00995 12.3
-0.00971 4.8
-0.00946 -2.9
-0.00922 -10.8
-0.00898 -18.5
-0.00873 -26.0
-0.00849 -33.1
-0.00824 -39.6
-0.008 -45.3
-0.00776 -50.0
-0.00751 -53.7
-0.00727 -56.0
-0.00702 -57.0
-0.00678 -56.6
-0.00653 -54.6
-0.00629 -51.1
-0.00605 -46.1
-0.0058 -39.6
-0.00556 -31.7
-0.00531 -22.7
-0.00507 -12.7
-0.00483 -2.0
-0.00458 9.1
-0.00434 20.2
-0.00409 31.0
-0.00385 41.0
-0.0036 49.8
-0.00336 57.0
-0.00312 62.2
-0.00287 65.0
-0.00263 65.1
-0.00238 62.3
-0.00214 56.5
-0.0019 47.7
-0.00165 36.1
-0.00141 22.0
-0.00116 6.1
-0.00092 -10.9
-0.00068 -28.0
-0.00043 -43.9
-0.00019 -57.3
6e-05 -66.6
0.0003 -70.7
0.00055 -68.5
0.00079 -59.9
0.00103 -45.3
0.00128 -25.9
0.00152 -3.7
0.00177 18.5
0.00201 38.0
0.00225 52.2
0.0025 59.1
0.00274 57.9
0.00299 48.9
0.00323 33.7
0.00348 14.9
0.00372 -4.6
0.00396 -21.8
0.00421 -34.1
0.00445 -40.1
0.0047 -39.2
0.00494 -32.4
0.00518 -21.1
0.00543 -7.8
0.00567 5.3
0.00592 16.0
0.00616 22.8
0.0064 24.9
0.00665 22.7
0.00689 16.9
0.00714 8.9
0.00738 0.5
0.00763 -7.0
0.00787 -12.3
0.00811 -14.8
0.00836 -14.4
0.0086 -11.5
0.00885 -7.0
0.00909 -1.9
0.00933 2.9
0.00958 6.6
0.00982 8.6
0.01007 8.9
0.01031 7.5
0.01056 5.0
0.0108 1.9
0.01104 -1.1
0.01129 -3.6
0.01153 -5.0
0.01178 -5.4
0.01202 -4.8
0.01226 -3.4
0.01251 -1.6
0.01275 0.3
0.013 1.9
0.01324 2.9
0.01348 3.3
0.01373 3.1
0.01397 2.3
0.01422 1.2
0.01446 0.0
0.01471 -1.0
0.01495 -1.7
0.01519 -2.0
0.01544 -1.9
0.01568 -1.5
0.01593 -0.9
0.01617 -0.2
0.01641 0.5
0.01666 1.0
0.0169 1.2
0.01715 1.2
0.01739 1.0
0.01764 0.6
0.01788 0.2
0.01812 -0.2
0.01837 -0.5
0.01861 -0.7
0.01886 -0.8
0.0191 -0.6
0.01934 -0.4
0.01959 -0.2
0.01983 0.0
0.02008 0.3
0.02032 0.4
0.02057 0.5
0.02081 0.4
0.02105 0.3
0.0213 0.1
0.02154 0.0
0.02179 -0.2
0.02203 -0.2
0.02227 -0.3
0.02252 -0.3
0.02276 -0.2
0.02301 -0.1
0.02325 0.0
0.02349 0.0
0.02374 0.1
0.02398 0.2
0.02423 0.2
0.02447 0.1
0.02472 0.0
0.02496 0.0
0.0252 0.0
0.02545 0.0
0.02569 -0.1
0.02594 -0.1
0.02618 0.0
0.02642 0.0
0.02667 0.0
0.02691 0.0
0.02716 0.0
0.0274 0.0
0.02765 0.0
0.02789 0.0
0.02813 0.0
0.02838 0.0
0.02862 0.0
0.02887 0.0
0.02911 0.0
0.02935 0.0
0.0296 0.0
0.02984 0.0
0.03009 0.0
0.03033 0.0
0.03057 0.0
0.03082 0.0
0.03106 0.0
0.03131 0.0
0.03155 0.0
0.0318 0.0
0.03204 0.0
0.03228 0.0
0.03253 0.0
0.03277 0.0
0.03302 0.0
0.03326 0.0
0.0335 0.0
0.03375 0.0
0.03399 0.0
0.03424 0.0
0.03448 0.0
0.03473 0.0
0.03497 0.0
0.03521 0.0
0.03546 0.0
0.0357 0.0
0.03595 0.0
0.03619 0.0
0.03643 0.0
0.03668 0.0
0.03692 0.0
0.03717 0.0
0.03741 0.0
0.03765 0.0
0.0379 0.0
0.03814 0.0
0.03839 0.0
0.03863 0.0
0.03888 0.0
0.03912 0.0
0.03936 0.0
0.03961 0.0
0.03985 0.0
0.0401 0.0
0.04034 0.0
0.04058 0.0
0.04083 0.0
0.04107 0.0
0.04132 0.0
0.04156 0.0
0.04181 0.0
0.04205 0.0
0.04229 0.0
0.04254 0.0
0.04278 0.0
0.04303 0.0
0.04327 0.0
0.04351 0.0
0.04376 0.0
0.044 0.0
0.04425 0.0
0.04449 0.0
0.04473 0.0
0.04498 0.0
0.04522 0.0
0.04547 0.0
0.04571 0.0
0.04596 0.0
0.0462 0.0
0.04644 0.0
0.04669 0.0
0.04693 0.0
0.04718 0.0
0.04742 0.0
0.04766 0.0
0.04791 0.0
0.04815 0.0
0.0484 0.0
0.04864 0.0
0.04889 0.0
0.04913 0.0
0.04937 0.0
0.04962 0.0
0.04986 0.0
0.05011 0.0
0.05035 0.0
0.05059 0.0
0.05084 0.0
0.05108 0.0
0.05133 0.0
0.05157 0.0
0.05182 0.0
0.05206 0.0
0.0523 0.0
0.05255 0.0
0.05279 0.0
0.05304 0.0
0.05328 0.0
0.05352 0.0
0.05377 0.0
0.05401 0.0
0.05426 0.0
0.0545 0.0
0.05474 0.0
0.05499 0.0
0.05523 0.0
0.05548 0.0
0.05572 0.0
0.05597 0.0
0.05621 0.0
0.05645 0.0
0.0567 0.0
0.05694 0.0
0.05719 0.0
0.05743 0.0
0.05767 0.0
0.05792 0.0
0.05816 0.0
0.05841 0.0
0.05865 0.0
0.0589 0.0
0.05914 0.0
0.05938 0.0
0.05963 0.0
0.05987 0.0
0.06012 0.0
0.06036 0.0
0.0606 0.0
0.06085 0.0
0.06109 0.0
0.06134 0.0
0.06158 0.0
0.06182 0.0
0.06207 0.0
0.06231 0.0
0.06256 0.0
0.0628 0.0
0.06305 0.0
0.06329 0.0
0.06353 0.0
0.06378 0.0
0.06402 0.0
0.06427 0.0
0.06451 0.0
0.06475 0.0
0.065 0.0
0.06524 0.0
0.06549 0.0
0.06573 0.0
0.06598 0.0
0.06622 0.0
0.06646 0.0
0.06671 0.0
0.06695 0.0
0.0672 0.0
0.06744 0.0
0.06768 0.0
0.06793 0.0
0.06817 0.0
0.06842 0.0
0.06866 0.0
0.0689 0.0
0.06915 0.0
0.06939 0.0
0.06964 0.0
0.06988 0.0
0.07013 0.0
0.07037 0.0
0.07061 0.0
0.07086 0.0
0.0711 0.0
0.07135 0.0
0.07159 0.0
0.07183 0.0
0.07208 0.0
0.07232 0.0
0.07257 0.0
0.07281 0.0
0.07306 0.0
0.0733 0.0
0.07354 0.0
0.07379 0.0
0.07403 0.0
0.07428 0.0
0.07452 0.0
0.07476 0.0
0.07501 0.0
0.07525 0.0
0.0755 0.0
0.07574 0.0
0.07598 0.0
0.07623 0.0
0.07647 0.0
0.07672 0.0
0.07696 0.0
0.07721 0.0
0.07745 0.0
0.07769 0.0
0.07794 0.0
0.07818 0.0
0.07843 0.0
0.07867 0.0
0.07891 0.0
0.07916 0.0
0.0794 0.0
0.07965 0.0
0.07989 0.0
0.08014 0.0
0.08038 0.0
0.08062 0.0
0.08087 0.0
0.08111 0.0
0.08136 0.0
0.0816 0.0
0.08184 0.0
0.08209 0.0
0.08233 0.0
0.08258 0.0
0.08282 0.0
0.08307 0.0
0.08331 0.0
0.08355 0.0
0.0838 0.0
0.08404 0.0
0.08429 0.0
0.08453 0.0
0.08477 0.0
0.08502 0.0
0.08526 0.0
0.08551 0.0
0.08575 0.0
0.08599 0.0
0.08624 0.0
0.08648 0.0
0.08673 0.0
0.08697 0.0
0.08722 0.0
0.08746 0.0
0.0877 0.0
0.08795 0.0
0.08819 0.0
0.08844 0.0
0.08868 0.0
0.08892 0.0
0.08917 0.0
0.08941 0.0
0.08966 0.0
0.0899 0.0
0.09015 0.0
0.09039 0.0
0.09063 0.0
0.09088 0.0
0.09112 0.0
0.09137 0.0
0.09161 0.0
0.09185 0.0
0.0921 0.0
0.09234 0.0
0.09259 0.0
0.09283 0.0
0.09307 0.0
0.09332 0.0
0.09356 0.0
0.09381 0.0
0.09405 0.0
0.0943 0.0
0.09454 0.0
0.09478 0.0
0.09503 0.0
0.09527 0.0
0.09552 0.0
0.09576 0.0
0.096 0.0
0.09625 0.0
0.09649 0.0
0.09674 0.0
0.09698 0.0
0.09723 0.0
0.09747 0.0
0.09771 0.0
0.09796 0.0
0.0982 0.0
0.09845 0.0
0.09869 0.0
0.09893 0.0
0.09918 0.0
0.09942 0.0
0.09967 0.0
0.09991 0.0
0.10015 0.0
0.1004 0.0
0.10064 0.0
0.10089 0.0
0.10113 0.0
0.10138 0.0
0.10162 0.0
0.10186 0.0
0.10211 0.0
0.10235 0.0
0.1026 0.0
0.10284 0.0
0.10308 0.0
0.10333 0.0
0.10357 0.0
0.10382 0.0
0.10406 0.0
0.10431 0.0
0.10455 0.0
0.10479 0.0
0.10504 0.0
0.10528 0.0
0.10553 0.0
0.10577 0.0
0.10601 0.0
0.10626 0.0
0.1065 0.0
0.10675 0.0
0.10699 0.0
0.10723 0.0
0.10748 0.0
0.10772 0.0
0.10797 0.0
0.10821 0.0
0.10846 0.0
0.1087 0.0
0.10894 0.0
0.10919 0.0
0.10943 0.0
0.10968 0.0
0.10992 0.0
0.11016 0.0
0.11041 0.0
0.11065 0.0
0.1109 0.0
0.11114 0.0
0.11139 0.0
0.11163 0.0
0.11187 0.0
0.11212 0.0
0.11236 0.0
0.11261 0.0
0.11285 0.0
0.11309 0.0
0.11334 0.0
0.11358 0.0
0.11383 0.0
0.11407 0.0
0.11432 0.0
0.11456 0.0
0.1148 0.0
0.11505 0.0
0.11529 0.0
0.11554 0.0
0.11578 0.0
0.11602 0.0
0.11627 0.0
0.11651 0.0
0.11676 0.0
0.117 0.0
0.11724 0.0
0.11749 0.0
0.11773 0.0
0.11798 0.0
0.11822 0.0
0.11847 0.0
0.11871 0.0
0.11895 0.0
0.1192 0.0
0.11944 0.0
0.11969 0.0
0.11993 0.0
0.12017 0.0
0.12042 0.0
0.12066 0.0
0.12091 0.0
0.12115 0.0
0.1214 0.0
0.12164 0.0
0.12188 0.0
0.12213 0.0
0.12237 0.0
0.12262 0.0
0.12286 0.0
0.1231 0.0
0.12335 0.0
0.12359 0.0
0.12384 0.0
0.12408 0.0
0.12432 0.0
0.12457 0.0
0.12481 0.0
0.12506 0.0
0.1253 0.0
0.12555 0.0
0.12579 0.0
0.12603 0.0
0.12628 0.0
0.12652 0.0
0.12677 0.0
0.12701 0.0
0.12725 0.0
0.1275 0.0
0.12774 0.0
0.12799 0.0
0.12823 0.0
0.12848 0.0
0.12872 0.0
0.12896 0.0
0.12921 0.0
0.12945 0.0
0.1297 0.0
0.12994 0.0
0.13018 0.0
0.13043 0.0
0.13067 0.0
0.13092 0.0
0.13116 0.0
0.1314 0.0
0.13165 0.0
0.13189 0.0
0.13214 0.0
0.13238 0.0
0.13263 0.0
0.13287 0.0
0.13311 0.0
0.13336 0.0
0.1336 0.0
0.13385 0.0
0.13409 0.0
0.13433 0.0
0.13458 0.0
0.13482 0.0
0.13507 0.0
0.13531 0.0
0.13556 0.0
0.1358 0.0
0.13604 0.0
0.13629 0.0
0.13653 0.0
0.13678 0.0
0.13702 0.0
0.13726 0.0
0.13751 0.0
0.13775 0.0
0.138 0.0
0.13824 0.0
0.13848 0.0
0.13873 0.0
0.13897 0.0
0.13922 0.0
0.13946 0.0
0.13971 0.0
0.13995 0.0
0.14019 0.0
0.14044 0.0
0.14068 0.0
0.14093 0.0
0.14117 0.0
0.14141 0.0
0.14166 0.0
0.1419 0.0
0.14215 0.0
0.14239 0.0
0.14264 0.0
0.14288 0.0
0.14312 0.0
0.14337 0.0
