t strain*1e23
-0.30342 -38.9
-0.30318 -38.4
-0.30293 -37.8
-0.30269 -37.1
-0.30244 -36.4
-0.3022 -35.5
-0.30196 -34.6
-0.30171 -33.6
-0.30147 -32.6
-0.30122 -31.5
-0.30098 -30.3
-0.30074 -29.0
-0.30049 -27.7
-0.30025 -26.3
-0.3 -24.9
-0.29976 -23.4
-0.29951 -21.8
-0.29927 -20.3
-0.29903 -18.6
-0.29878 -17.0
-0.29854 -15.2
-0.29829 -13.5
-0.29805 -11.7
-0.29781 -9.9
-0.29756 -8.1
-0.29732 -6.2
-0.29707 -4.4
-0.29683 -2.5
-0.29659 -0.6
-0.29634 1.2
-0.2961 3.1
-0.29585 5.0
-0.29561 6.8
-0.29536 8.7
-0.29512 10.5
-0.29488 12.3
-0.29463 14.1
-0.29439 15.9
-0.29414 17.6
-0.2939 19.3
-0.29366 20.9
-0.29341 22.5
-0.29317 24.1
-0.29292 25.6
-0.29268 27.0
-0.29243 28.4
-0.29219 29.7
-0.29195 31.0
-0.2917 32.2
-0.29146 33.3
-0.29121 34.4
-0.29097 35.3
-0.29073 36.2
-0.29048 37.1
-0.29024 37.8
-0.28999 38.5
-0.28975 39.1
-0.28951 39.5
-0.28926 40.0
-0.28902 40.3
-0.28877 40.5
-0.28853 40.6
-0.28828 40.7
-0.28804 40.7
-0.2878 40.5
-0.28755 40.3
-0.28731 40.0
-0.28706 39.6
-0.28682 39.2
-0.28658 38.6
-0.28633 37.9
-0.28609 37.2
-0.28584 36.4
-0.2856 35.5
-0.28535 34.5
-0.28511 33.5
-0.28487 32.3
-0.28462 31.1
-0.28438 29.9
-0.28413 28.5
-0.28389 27.1
-0.28365 25.7
-0.2834 24.1
-0.28316 22.6
-0.28291 20.9
-0.28267 19.3
-0.28242 17.5
-0.28218 15.8
-0.28194 14.0
-0.28169 12.2
-0.28145 10.3
-0.2812 8.4
-0.28096 6.5
-0.28072 4.6
-0.28047 2.7
-0.28023 0.8
-0.27998 -1.2
-0.27974 -3.1
-0.2795 -5.0
-0.27925 -7.0
-0.27901 -8.9
-0.27876 -10.8
-0.27852 -12.6
-0.27827 -14.5
-0.27803 -16.3
-0.27779 -18.0
-0.27754 -19.8
-0.2773 -21.5
-0.27705 -23.1
-0.27681 -24.7
-0.27657 -26.2
-0.27632 -27.7
-0.27608 -29.1
-0.27583 -30.5
-0.27559 -31.7
-0.27534 -33.0
-0.2751 -34.1
-0.27486 -35.2
-0.27461 -36.1
-0.27437 -37.0
-0.27412 -37.9
-0.27388 -38.6
-0.27364 -39.2
-0.27339 -39.8
-0.27315 -40.3
-0.2729 -40.6
-0.27266 -40.9
-0.27242 -41.1
-0.27217 -41.2
-0.27193 -41.2
-0.27168 -41.1
-0.27144 -40.9
-0.27119 -40.6
-0.27095 -40.3
-0.27071 -39.8
-0.27046 -39.3
-0.27022 -38.6
-0.26997 -37.9
-0.26973 -37.0
-0.26949 -36.1
-0.26924 -35.1
-0.269 -34.1
-0.26875 -32.9
-0.26851 -31.7
-0.26826 -30.4
-0.26802 -29.0
-0.26778 -27.6
-0.26753 -26.1
-0.26729 -24.5
-0.26704 -22.9
-0.2668 -21.2
-0.26656 -19.5
-0.26631 -17.7
-0.26607 -15.9
-0.26582 -14.0
-0.26558 -12.1
-0.26534 -10.2
-0.26509 -8.3
-0.26485 -6.3
-0.2646 -4.3
-0.26436 -2.3
-0.26411 -0.3
-0.26387 1.7
-0.26363 3.7
-0.26338 5.6
-0.26314 7.6
-0.26289 9.6
-0.26265 11.5
-0.26241 13.4
-0.26216 15.3
-0.26192 17.2
-0.26167 19.0
-0.26143 20.8
-0.26118 22.5
-0.26094 24.2
-0.2607 25.8
-0.26045 27.3
-0.26021 28.8
-0.25996 30.3
-0.25972 31.6
-0.25948 32.9
-0.25923 34.1
-0.25899 35.2
-0.25874 36.3
-0.2585 37.2
-0.25826 38.1
-0.25801 38.9
-0.25777 39.6
-0.25752 40.2
-0.25728 40.7
-0.25703 41.1
-0.25679 41.4
-0.25655 41.6
-0.2563 41.7
-0.25606 41.8
-0.25581 41.7
-0.25557 41.5
-0.25533 41.2
-0.25508 40.8
-0.25484 40.4
-0.25459 39.8
-0.25435 39.1
-0.2541 38.3
-0.25386 37.5
-0.25362 36.6
-0.25337 35.5
-0.25313 34.4
-0.25288 33.2
-0.25264 31.9
-0.2524 30.6
-0.25215 29.1
-0.25191 27.6
-0.25166 26.0
-0.25142 24.4
-0.25117 22.7
-0.25093 21.0
-0.25069 19.2
-0.25044 17.3
-0.2502 15.4
-0.24995 13.5
-0.24971 11.5
-0.24947 9.5
-0.24922 7.5
-0.24898 5.5
-0.24873 3.4
-0.24849 1.3
-0.24825 -0.7
-0.248 -2.8
-0.24776 -4.9
-0.24751 -6.9
-0.24727 -9.0
-0.24702 -11.0
-0.24678 -13.0
-0.24654 -15.0
-0.24629 -16.9
-0.24605 -18.8
-0.2458 -20.6
-0.24556 -22.4
-0.24532 -24.2
-0.24507 -25.8
-0.24483 -27.5
-0.24458 -29.0
-0.24434 -30.5
-0.24409 -31.9
-0.24385 -33.3
-0.24361 -34.5
-0.24336 -35.7
-0.24312 -36.8
-0.24287 -37.8
-0.24263 -38.7
-0.24239 -39.5
-0.24214 -40.2
-0.2419 -40.8
-0.24165 -41.3
-0.24141 -41.7
-0.24117 -42.0
-0.24092 -42.3
-0.24068 -42.4
-0.24043 -42.3
-0.24019 -42.2
-0.23994 -42.0
-0.2397 -41.7
-0.23946 -41.3
-0.23921 -40.8
-0.23897 -40.1
-0.23872 -39.4
-0.23848 -38.6
-0.23824 -37.6
-0.23799 -36.6
-0.23775 -35.5
-0.2375 -34.3
-0.23726 -33.0
-0.23701 -31.6
-0.23677 -30.2
-0.23653 -28.7
-0.23628 -27.1
-0.23604 -25.4
-0.23579 -23.7
-0.23555 -21.9
-0.23531 -20.0
-0.23506 -18.1
-0.23482 -16.1
-0.23457 -14.1
-0.23433 -12.1
-0.23409 -10.0
-0.23384 -7.9
-0.2336 -5.8
-0.23335 -3.7
-0.23311 -1.6
-0.23286 0.6
-0.23262 2.7
-0.23238 4.9
-0.23213 7.0
-0.23189 9.1
-0.23164 11.2
-0.2314 13.3
-0.23116 15.3
-0.23091 17.3
-0.23067 19.3
-0.23042 21.2
-0.23018 23.1
-0.22993 24.9
-0.22969 26.6
-0.22945 28.3
-0.2292 29.9
-0.22896 31.4
-0.22871 32.8
-0.22847 34.2
-0.22823 35.5
-0.22798 36.7
-0.22774 37.8
-0.22749 38.8
-0.22725 39.6
-0.22701 40.4
-0.22676 41.1
-0.22652 41.7
-0.22627 42.2
-0.22603 42.6
-0.22578 42.8
-0.22554 43.0
-0.2253 43.0
-0.22505 42.9
-0.22481 42.7
-0.22456 42.4
-0.22432 42.0
-0.22408 41.5
-0.22383 40.9
-0.22359 40.2
-0.22334 39.3
-0.2231 38.4
-0.22285 37.3
-0.22261 36.2
-0.22237 35.0
-0.22212 33.6
-0.22188 32.2
-0.22163 30.7
-0.22139 29.1
-0.22115 27.4
-0.2209 25.7
-0.22066 23.9
-0.22041 22.0
-0.22017 20.1
-0.21992 18.1
-0.21968 16.0
-0.21944 14.0
-0.21919 11.8
-0.21895 9.7
-0.2187 7.5
-0.21846 5.3
-0.21822 3.1
-0.21797 0.9
-0.21773 -1.4
-0.21748 -3.6
-0.21724 -5.8
-0.217 -8.0
-0.21675 -10.2
-0.21651 -12.4
-0.21626 -14.5
-0.21602 -16.6
-0.21577 -18.7
-0.21553 -20.7
-0.21529 -22.7
-0.21504 -24.6
-0.2148 -26.4
-0.21455 -28.1
-0.21431 -29.8
-0.21407 -31.4
-0.21382 -33.0
-0.21358 -34.4
-0.21333 -35.8
-0.21309 -37.0
-0.21284 -38.2
-0.2126 -39.2
-0.21236 -40.2
-0.21211 -41.0
-0.21187 -41.7
-0.21162 -42.3
-0.21138 -42.8
-0.21114 -43.2
-0.21089 -43.5
-0.21065 -43.7
-0.2104 -43.7
-0.21016 -43.6
-0.20992 -43.4
-0.20967 -43.1
-0.20943 -42.6
-0.20918 -42.1
-0.20894 -41.4
-0.20869 -40.6
-0.20845 -39.7
-0.20821 -38.7
-0.20796 -37.6
-0.20772 -36.4
-0.20747 -35.0
-0.20723 -33.6
-0.20699 -32.1
-0.20674 -30.5
-0.2065 -28.8
-0.20625 -27.0
-0.20601 -25.2
-0.20576 -23.3
-0.20552 -21.3
-0.20528 -19.3
-0.20503 -17.2
-0.20479 -15.0
-0.20454 -12.8
-0.2043 -10.6
-0.20406 -8.3
-0.20381 -6.0
-0.20357 -3.7
-0.20332 -1.4
-0.20308 0.9
-0.20284 3.2
-0.20259 5.5
-0.20235 7.8
-0.2021 10.1
-0.20186 12.4
-0.20161 14.6
-0.20137 16.8
-0.20113 18.9
-0.20088 21.0
-0.20064 23.1
-0.20039 25.0
-0.20015 26.9
-0.19991 28.8
-0.19966 30.5
-0.19942 32.2
-0.19917 33.7
-0.19893 35.2
-0.19868 36.6
-0.19844 37.9
-0.1982 39.1
-0.19795 40.1
-0.19771 41.1
-0.19746 41.9
-0.19722 42.6
-0.19698 43.2
-0.19673 43.7
-0.19649 44.0
-0.19624 44.3
-0.196 44.4
-0.19576 44.3
-0.19551 44.2
-0.19527 43.9
-0.19502 43.5
-0.19478 43.0
-0.19453 42.3
-0.19429 41.5
-0.19405 40.6
-0.1938 39.6
-0.19356 38.5
-0.19331 37.3
-0.19307 35.9
-0.19283 34.5
-0.19258 32.9
-0.19234 31.3
-0.19209 29.5
-0.19185 27.7
-0.1916 25.8
-0.19136 23.8
-0.19112 21.7
-0.19087 19.6
-0.19063 17.4
-0.19038 15.2
-0.19014 12.9
-0.1899 10.6
-0.18965 8.2
-0.18941 5.8
-0.18916 3.4
-0.18892 1.0
-0.18867 -1.4
-0.18843 -3.8
-0.18819 -6.2
-0.18794 -8.6
-0.1877 -11.0
-0.18745 -13.3
-0.18721 -15.6
-0.18697 -17.9
-0.18672 -20.1
-0.18648 -22.3
-0.18623 -24.4
-0.18599 -26.4
-0.18575 -28.3
-0.1855 -30.2
-0.18526 -32.0
-0.18501 -33.6
-0.18477 -35.2
-0.18452 -36.7
-0.18428 -38.1
-0.18404 -39.3
-0.18379 -40.5
-0.18355 -41.5
-0.1833 -42.4
-0.18306 -43.2
-0.18282 -43.8
-0.18257 -44.3
-0.18233 -44.7
-0.18208 -45.0
-0.18184 -45.1
-0.18159 -45.1
-0.18135 -44.9
-0.18111 -44.6
-0.18086 -44.2
-0.18062 -43.7
-0.18037 -43.0
-0.18013 -42.2
-0.17989 -41.2
-0.17964 -40.1
-0.1794 -39.0
-0.17915 -37.6
-0.17891 -36.2
-0.17867 -34.7
-0.17842 -33.0
-0.17818 -31.3
-0.17793 -29.4
-0.17769 -27.5
-0.17744 -25.5
-0.1772 -23.4
-0.17696 -21.2
-0.17671 -18.9
-0.17647 -16.6
-0.17622 -14.3
-0.17598 -11.9
-0.17574 -9.4
-0.17549 -7.0
-0.17525 -4.5
-0.175 -1.9
-0.17476 0.6
-0.17451 3.1
-0.17427 5.6
-0.17403 8.1
-0.17378 10.6
-0.17354 13.1
-0.17329 15.5
-0.17305 17.8
-0.17281 20.2
-0.17256 22.4
-0.17232 24.6
-0.17207 26.7
-0.17183 28.7
-0.17159 30.7
-0.17134 32.5
-0.1711 34.3
-0.17085 35.9
-0.17061 37.5
-0.17036 38.9
-0.17012 40.2
-0.16988 41.4
-0.16963 42.4
-0.16939 43.3
-0.16914 44.1
-0.1689 44.8
-0.16866 45.3
-0.16841 45.6
-0.16817 45.8
-0.16792 45.9
-0.16768 45.8
-0.16743 45.6
-0.16719 45.3
-0.16695 44.7
-0.1667 44.1
-0.16646 43.3
-0.16621 42.4
-0.16597 41.3
-0.16573 40.1
-0.16548 38.8
-0.16524 37.3
-0.16499 35.7
-0.16475 34.1
-0.16451 32.2
-0.16426 30.3
-0.16402 28.3
-0.16377 26.2
-0.16353 24.0
-0.16328 21.8
-0.16304 19.4
-0.1628 17.0
-0.16255 14.5
-0.16231 12.0
-0.16206 9.5
-0.16182 6.9
-0.16158 4.3
-0.16133 1.6
-0.16109 -1.0
-0.16084 -3.7
-0.1606 -6.3
-0.16035 -8.9
-0.16011 -11.5
-0.15987 -14.1
-0.15962 -16.6
-0.15938 -19.0
-0.15913 -21.4
-0.15889 -23.8
-0.15865 -26.0
-0.1584 -28.2
-0.15816 -30.3
-0.15791 -32.3
-0.15767 -34.2
-0.15742 -35.9
-0.15718 -37.6
-0.15694 -39.1
-0.15669 -40.6
-0.15645 -41.8
-0.1562 -43.0
-0.15596 -44.0
-0.15572 -44.8
-0.15547 -45.5
-0.15523 -46.1
-0.15498 -46.5
-0.15474 -46.7
-0.1545 -46.8
-0.15425 -46.7
-0.15401 -46.5
-0.15376 -46.1
-0.15352 -45.6
-0.15327 -44.9
-0.15303 -44.0
-0.15279 -43.0
-0.15254 -41.9
-0.1523 -40.6
-0.15205 -39.2
-0.15181 -37.6
-0.15157 -36.0
-0.15132 -34.1
-0.15108 -32.2
-0.15083 -30.2
-0.15059 -28.0
-0.15034 -25.8
-0.1501 -23.4
-0.14986 -21.0
-0.14961 -18.5
-0.14937 -16.0
-0.14912 -13.3
-0.14888 -10.7
-0.14864 -8.0
-0.14839 -5.2
-0.14815 -2.4
-0.1479 0.3
-0.14766 3.1
-0.14742 5.9
-0.14717 8.6
-0.14693 11.4
-0.14668 14.1
-0.14644 16.7
-0.14619 19.3
-0.14595 21.8
-0.14571 24.3
-0.14546 26.7
-0.14522 28.9
-0.14497 31.1
-0.14473 33.2
-0.14449 35.2
-0.14424 37.0
-0.144 38.7
-0.14375 40.3
-0.14351 41.8
-0.14326 43.1
-0.14302 44.2
-0.14278 45.2
-0.14253 46.0
-0.14229 46.7
-0.14204 47.2
-0.1418 47.6
-0.14156 47.7
-0.14131 47.7
-0.14107 47.6
-0.14082 47.2
-0.14058 46.7
-0.14034 46.1
-0.14009 45.2
-0.13985 44.2
-0.1396 43.0
-0.13936 41.7
-0.13911 40.2
-0.13887 38.6
-0.13863 36.9
-0.13838 35.0
-0.13814 32.9
-0.13789 30.8
-0.13765 28.5
-0.13741 26.2
-0.13716 23.7
-0.13692 21.1
-0.13667 18.5
-0.13643 15.8
-0.13618 13.0
-0.13594 10.2
-0.1357 7.3
-0.13545 4.4
-0.13521 1.5
-0.13496 -1.4
-0.13472 -4.3
-0.13448 -7.2
-0.13423 -10.1
-0.13399 -13.0
-0.13374 -15.8
-0.1335 -18.6
-0.13326 -21.3
-0.13301 -23.9
-0.13277 -26.4
-0.13252 -28.9
-0.13228 -31.2
-0.13203 -33.4
-0.13179 -35.5
-0.13155 -37.5
-0.1313 -39.3
-0.13106 -41.0
-0.13081 -42.5
-0.13057 -43.9
-0.13033 -45.1
-0.13008 -46.2
-0.12984 -47.1
-0.12959 -47.8
-0.12935 -48.3
-0.1291 -48.6
-0.12886 -48.8
-0.12862 -48.7
-0.12837 -48.5
-0.12813 -48.1
-0.12788 -47.5
-0.12764 -46.8
-0.1274 -45.8
-0.12715 -44.7
-0.12691 -43.4
-0.12666 -41.9
-0.12642 -40.3
-0.12617 -38.5
-0.12593 -36.6
-0.12569 -34.5
-0.12544 -32.3
-0.1252 -29.9
-0.12495 -27.5
-0.12471 -24.9
-0.12447 -22.2
-0.12422 -19.4
-0.12398 -16.6
-0.12373 -13.7
-0.12349 -10.7
-0.12325 -7.7
-0.123 -4.6
-0.12276 -1.5
-0.12251 1.5
-0.12227 4.6
-0.12202 7.7
-0.12178 10.8
-0.12154 13.8
-0.12129 16.7
-0.12105 19.6
-0.1208 22.5
-0.12056 25.2
-0.12032 27.8
-0.12007 30.4
-0.11983 32.8
-0.11958 35.1
-0.11934 37.3
-0.11909 39.3
-0.11885 41.1
-0.11861 42.8
-0.11836 44.4
-0.11812 45.7
-0.11787 46.9
-0.11763 47.9
-0.11739 48.7
-0.11714 49.3
-0.1169 49.7
-0.11665 49.9
-0.11641 49.9
-0.11617 49.7
-0.11592 49.2
-0.11568 48.6
-0.11543 47.8
-0.11519 46.8
-0.11494 45.6
-0.1147 44.2
-0.11446 42.6
-0.11421 40.9
-0.11397 39.0
-0.11372 36.9
-0.11348 34.6
-0.11324 32.2
-0.11299 29.7
-0.11275 27.1
-0.1125 24.3
-0.11226 21.4
-0.11201 18.4
-0.11177 15.4
-0.11153 12.3
-0.11128 9.1
-0.11104 5.9
-0.11079 2.6
-0.11055 -0.7
-0.11031 -3.9
-0.11006 -7.2
-0.10982 -10.5
-0.10957 -13.7
-0.10933 -16.8
-0.10909 -19.9
-0.10884 -22.9
-0.1086 -25.8
-0.10835 -28.6
-0.10811 -31.3
-0.10786 -33.8
-0.10762 -36.3
-0.10738 -38.5
-0.10713 -40.6
-0.10689 -42.6
-0.10664 -44.3
-0.1064 -45.9
-0.10616 -47.3
-0.10591 -48.4
-0.10567 -49.4
-0.10542 -50.2
-0.10518 -50.7
-0.10493 -51.0
-0.10469 -51.1
-0.10445 -51.0
-0.1042 -50.6
-0.10396 -50.0
-0.10371 -49.2
-0.10347 -48.2
-0.10323 -47.0
-0.10298 -45.5
-0.10274 -43.9
-0.10249 -42.1
-0.10225 -40.0
-0.10201 -37.8
-0.10176 -35.4
-0.10152 -32.9
-0.10127 -30.2
-0.10103 -27.4
-0.10078 -24.4
-0.10054 -21.3
-0.1003 -18.1
-0.10005 -14.9
-0.09981 -11.5
-0.09956 -8.1
-0.09932 -4.7
-0.09908 -1.2
-0.09883 2.3
-0.09859 5.8
-0.09834 9.2
-0.0981 12.7
-0.09785 16.0
-0.09761 19.3
-0.09737 22.6
-0.09712 25.7
-0.09688 28.7
-0.09663 31.6
-0.09639 34.4
-0.09615 37.0
-0.0959 39.4
-0.09566 41.7
-0.09541 43.7
-0.09517 45.6
-0.09492 47.2
-0.09468 48.7
-0.09444 49.9
-0.09419 50.9
-0.09395 51.6
-0.0937 52.1
-0.09346 52.4
-0.09322 52.4
-0.09297 52.2
-0.09273 51.7
-0.09248 51.0
-0.09224 50.0
-0.092 48.8
-0.09175 47.4
-0.09151 45.7
-0.09126 43.8
-0.09102 41.7
-0.09077 39.4
-0.09053 36.8
-0.09029 34.2
-0.09004 31.3
-0.0898 28.3
-0.08955 25.1
-0.08931 21.8
-0.08907 18.4
-0.08882 14.9
-0.08858 11.3
-0.08833 7.7
-0.08809 4.0
-0.08784 0.2
-0.0876 -3.5
-0.08736 -7.2
-0.08711 -10.9
-0.08687 -14.6
-0.08662 -18.1
-0.08638 -21.6
-0.08614 -25.1
-0.08589 -28.3
-0.08565 -31.5
-0.0854 -34.5
-0.08516 -37.3
-0.08492 -40.0
-0.08467 -42.4
-0.08443 -44.7
-0.08418 -46.7
-0.08394 -48.5
-0.08369 -50.1
-0.08345 -51.4
-0.08321 -52.4
-0.08296 -53.2
-0.08272 -53.7
-0.08247 -53.9
-0.08223 -53.9
-0.08199 -53.6
-0.08174 -53.0
-0.0815 -52.1
-0.08125 -51.0
-0.08101 -49.6
-0.08076 -47.9
-0.08052 -45.9
-0.08028 -43.8
-0.08003 -41.4
-0.07979 -38.7
-0.07954 -35.9
-0.0793 -32.9
-0.07906 -29.6
-0.07881 -26.2
-0.07857 -22.7
-0.07832 -19.1
-0.07808 -15.3
-0.07784 -11.4
-0.07759 -7.5
-0.07735 -3.5
-0.0771 0.5
-0.07686 4.5
-0.07661 8.6
-0.07637 12.5
-0.07613 16.4
-0.07588 20.3
-0.07564 24.0
-0.07539 27.6
-0.07515 31.1
-0.07491 34.4
-0.07466 37.5
-0.07442 40.5
-0.07417 43.2
-0.07393 45.7
-0.07368 47.9
-0.07344 49.9
-0.0732 51.6
-0.07295 53.0
-0.07271 54.1
-0.07246 55.0
-0.07222 55.5
-0.07198 55.7
-0.07173 55.6
-0.07149 55.2
-0.07124 54.4
-0.071 53.4
-0.07076 52.0
-0.07051 50.4
-0.07027 48.4
-0.07002 46.2
-0.06978 43.7
-0.06953 40.9
-0.06929 37.9
-0.06905 34.7
-0.0688 31.2
-0.06856 27.6
-0.06831 23.7
-0.06807 19.8
-0.06783 15.7
-0.06758 11.5
-0.06734 7.2
-0.06709 2.9
-0.06685 -1.5
-0.0666 -5.8
-0.06636 -10.2
-0.06612 -14.5
-0.06587 -18.7
-0.06563 -22.8
-0.06538 -26.8
-0.06514 -30.7
-0.0649 -34.3
-0.06465 -37.8
-0.06441 -41.1
-0.06416 -44.1
-0.06392 -46.8
-0.06367 -49.3
-0.06343 -51.5
-0.06319 -53.4
-0.06294 -54.9
-0.0627 -56.1
-0.06245 -57.0
-0.06221 -57.5
-0.06197 -57.6
-0.06172 -57.4
-0.06148 -56.9
-0.06123 -55.9
-0.06099 -54.6
-0.06075 -53.0
-0.0605 -51.0
-0.06026 -48.7
-0.06001 -46.1
-0.05977 -43.1
-0.05952 -39.9
-0.05928 -36.4
-0.05904 -32.7
-0.05879 -28.7
-0.05855 -24.6
-0.0583 -20.2
-0.05806 -15.7
-0.05782 -11.1
-0.05757 -6.4
-0.05733 -1.7
-0.05708 3.1
-0.05684 7.9
-0.05659 12.6
-0.05635 17.3
-0.05611 21.9
-0.05586 26.3
-0.05562 30.6
-0.05537 34.7
-0.05513 38.6
-0.05489 42.2
-0.05464 45.5
-0.0544 48.6
-0.05415 51.3
-0.05391 53.7
-0.05367 55.7
-0.05342 57.3
-0.05318 58.6
-0.05293 59.4
-0.05269 59.8
-0.05244 59.9
-0.0522 59.4
-0.05196 58.6
-0.05171 57.4
-0.05147 55.7
-0.05122 53.6
-0.05098 51.2
-0.05074 48.3
-0.05049 45.1
-0.05025 41.6
-0.05 37.7
-0.04976 33.6
-0.04951 29.2
-0.04927 24.5
-0.04903 19.7
-0.04878 14.7
-0.04854 9.6
-0.04829 4.3
-0.04805 -0.9
-0.04781 -6.2
-0.04756 -11.5
-0.04732 -16.7
-0.04707 -21.8
-0.04683 -26.8
-0.04659 -31.5
-0.04634 -36.1
-0.0461 -40.4
-0.04585 -44.4
-0.04561 -48.1
-0.04536 -51.4
-0.04512 -54.3
-0.04488 -56.8
-0.04463 -58.9
-0.04439 -60.5
-0.04414 -61.7
-0.0439 -62.4
-0.04366 -62.6
-0.04341 -62.2
-0.04317 -61.4
-0.04292 -60.1
-0.04268 -58.3
-0.04243 -55.9
-0.04219 -53.2
-0.04195 -50.0
-0.0417 -46.3
-0.04146 -42.3
-0.04121 -37.8
-0.04097 -33.1
-0.04073 -28.0
-0.04048 -22.7
-0.04024 -17.1
-0.03999 -11.4
-0.03975 -5.6
-0.03951 0.3
-0.03926 6.3
-0.03902 12.2
-0.03877 18.0
-0.03853 23.8
-0.03828 29.3
-0.03804 34.6
-0.0378 39.6
-0.03755 44.4
-0.03731 48.7
-0.03706 52.6
-0.03682 56.1
-0.03658 59.1
-0.03633 61.6
-0.03609 63.5
-0.03584 64.8
-0.0356 65.6
-0.03535 65.7
-0.03511 65.3
-0.03487 64.2
-0.03462 62.5
-0.03438 60.2
-0.03413 57.4
-0.03389 53.9
-0.03365 49.9
-0.0334 45.5
-0.03316 40.5
-0.03291 35.1
-0.03267 29.4
-0.03242 23.3
-0.03218 17.0
-0.03194 10.4
-0.03169 3.7
-0.03145 -3.1
-0.0312 -9.9
-0.03096 -16.6
-0.03072 -23.2
-0.03047 -29.7
-0.03023 -35.8
-0.02998 -41.6
-0.02974 -47.1
-0.0295 -52.0
-0.02925 -56.5
-0.02901 -60.4
-0.02876 -63.6
-0.02852 -66.2
-0.02827 -68.1
-0.02803 -69.3
-0.02779 -69.7
-0.02754 -69.3
-0.0273 -68.2
-0.02705 -66.3
-0.02681 -63.6
-0.02657 -60.1
-0.02632 -56.0
-0.02608 -51.2
-0.02583 -45.7
-0.02559 -39.7
-0.02534 -33.1
-0.0251 -26.2
-0.02486 -18.8
-0.02461 -11.1
-0.02437 -3.3
-0.02412 4.7
-0.02388 12.7
-0.02364 20.5
-0.02339 28.2
-0.02315 35.6
-0.0229 42.7
-0.02266 49.2
-0.02242 55.2
-0.02217 60.5
-0.02193 65.1
-0.02168 68.8
-0.02144 71.7
-0.02119 73.6
-0.02095 74.6
-0.02071 74.5
-0.02046 73.4
-0.02022 71.3
-0.01997 68.2
-0.01973 64.1
-0.01949 59.0
-0.01924 53.0
-0.019 46.2
-0.01875 38.6
-0.01851 30.4
-0.01826 21.6
-0.01802 12.4
-0.01778 2.9
-0.01753 -6.8
-0.01729 -16.4
-0.01704 -26.0
-0.0168 -35.2
-0.01656 -44.0
-0.01631 -52.1
-0.01607 -59.6
-0.01582 -66.1
-0.01558 -71.6
-0.01534 -75.9
-0.01509 -79.0
-0.01485 -80.8
-0.0146 -81.2
-0.01436 -80.1
-0.01411 -77.5
-0.01387 -73.6
-0.01363 -68.1
-0.01338 -61.3
-0.01314 -53.3
-0.01289 -44.1
-0.01265 -33.9
-0.01241 -22.8
-0.01216 -11.1
-0.01192 1.0
-0.01167 13.3
-0.01143 25.6
-0.01118 37.5
-0.01094 48.8
-0.0107 59.2
-0.01045 68.5
-0.01021 76.4
-0.00996 82.7
-0.00972 87.1
-0.00948 89.6
-0.00923 89.9
-0.00899 87.9
-0.00874 83.7
-0.0085 77.2
-0.00826 68.5
-0.00801 57.8
-0.00777 45.2
-0.00752 31.0
-0.00728 15.6
-0.00703 -0.6
-0.00679 -17.3
-0.00655 -33.8
-0.0063 -49.7
-0.00606 -64.5
-0.00581 -77.5
-0.00557 -88.2
-0.00533 -96.1
-0.00508 -100.8
-0.00484 -101.9
-0.00459 -99.1
-0.00435 -92.2
-0.0041 -81.4
-0.00386 -66.7
-0.00362 -48.6
-0.00337 -27.6
-0.00313 -4.5
-0.00288 19.7
-0.00264 43.9
-0.0024 66.8
-0.00215 86.9
-0.00191 102.9
-0.00166 113.3
-0.00142 116.9
-0.00117 112.8
-0.00093 100.2
-0.00069 79.1
-0.00044 50.4
-0.0002 15.6
5e-05 -22.3
0.00029 -59.1
0.00053 -90.2
0.00078 -111.1
0.00102 -117.9
0.00127 -108.8
0.00151 -84.3
0.00175 -47.9
0.002 -5.4
0.00224 35.9
0.00249 68.8
0.00273 87.6
0.00298 89.6
0.00322 75.3
0.00346 48.5
0.00371 15.4
0.00395 -17.0
0.0042 -42.5
0.00444 -56.6
0.00468 -57.8
0.00493 -47.2
0.00517 -28.4
0.00542 -6.2
0.00566 14.2
0.00591 28.8
0.00615 35.4
0.00639 33.5
0.00664 24.8
0.00688 12.0
0.00713 -1.6
0.00737 -12.9
0.00761 -19.8
0.00786 -21.4
0.0081 -18.0
0.00835 -11.2
0.00859 -2.9
0.00883 4.8
0.00908 10.4
0.00932 12.9
0.00957 12.2
0.00981 8.9
0.01006 4.0
0.0103 -1.0
0.01054 -5.1
0.01079 -7.5
0.01103 -7.8
0.01128 -6.4
0.01152 -3.8
0.01176 -0.7
0.01201 2.1
0.01225 4.1
0.0125 4.9
0.01274 4.4
0.01299 3.1
0.01323 1.2
0.01347 -0.6
0.01372 -2.1
0.01396 -2.9
0.01421 -2.9
0.01445 -2.3
0.01469 -1.2
0.01494 0.0
0.01518 0.9
0.01543 1.6
0.01567 1.8
0.01591 1.6
0.01616 1.1
0.0164 0.3
0.01665 -0.3
0.01689 -0.9
0.01714 -1.1
0.01738 -1.1
0.01762 -0.8
0.01787 -0.4
0.01811 0.0
0.01836 0.4
0.0186 0.6
0.01884 0.7
0.01909 0.6
0.01933 0.4
0.01958 0.0
0.01982 -0.2
0.02007 -0.3
0.02031 -0.4
0.02055 -0.4
0.0208 -0.3
0.02104 -0.1
0.02129 0.0
0.02153 0.2
0.02177 0.2
0.02202 0.3
0.02226 0.2
0.02251 0.1
0.02275 0.0
0.02299 0.0
0.02324 -0.1
0.02348 -0.2
0.02373 -0.1
0.02397 0.0
0.02422 0.0
0.02446 0.0
0.0247 0.0
0.02495 0.0
0.02519 0.0
0.02544 0.0
0.02568 0.0
0.02592 0.0
0.02617 0.0
0.02641 0.0
0.02666 0.0
0.0269 0.0
0.02715 0.0
0.02739 0.0
0.02763 0.0
0.02788 0.0
0.02812 0.0
0.02837 0.0
0.02861 0.0
0.02885 0.0
0.0291 0.0
0.02934 0.0
0.02959 0.0
0.02983 0.0
0.03008 0.0
0.03032 0.0
0.03056 0.0
0.03081 0.0
0.03105 0.0
0.0313 0.0
0.03154 0.0
0.03178 0.0
0.03203 0.0
0.03227 0.0
0.03252 0.0
0.03276 0.0
0.033 0.0
0.03325 0.0
0.03349 0.0
0.03374 0.0
0.03398 0.0
0.03423 0.0
0.03447 0.0
0.03471 0.0
0.03496 0.0
0.0352 0.0
0.03545 0.0
0.03569 0.0
0.03593 0.0
0.03618 0.0
0.03642 0.0
0.03667 0.0
0.03691 0.0
0.03716 0.0
0.0374 0.0
0.03764 0.0
0.03789 0.0
0.03813 0.0
0.03838 0.0
0.03862 0.0
0.03886 0.0
0.03911 0.0
0.03935 0.0
0.0396 0.0
0.03984 0.0
0.04008 0.0
0.04033 0.0
0.04057 0.0
0.04082 0.0
0.04106 0.0
0.04131 0.0
0.04155 0.0
0.04179 0.0
0.04204 0.0
0.04228 0.0
0.04253 0.0
0.04277 0.0
0.04301 0.0
0.04326 0.0
0.0435 0.0
0.04375 0.0
0.04399 0.0
0.04424 0.0
0.04448 0.0
0.04472 0.0
0.04497 0.0
0.04521 0.0
0.04546 0.0
0.0457 0.0
0.04594 0.0
0.04619 0.0
0.04643 0.0
0.04668 0.0
0.04692 0.0
0.04716 0.0
0.04741 0.0
0.04765 0.0
0.0479 0.0
0.04814 0.0
0.04839 0.0
0.04863 0.0
0.04887 0.0
0.04912 0.0
0.04936 0.0
0.04961 0.0
0.04985 0.0
0.05009 0.0
0.05034 0.0
0.05058 0.0
0.05083 0.0
0.05107 0.0
0.05132 0.0
0.05156 0.0
0.0518 0.0
0.05205 0.0
0.05229 0.0
0.05254 0.0
0.05278 0.0
0.05302 0.0
0.05327 0.0
0.05351 0.0
0.05376 0.0
0.054 0.0
0.05424 0.0
0.05449 0.0
0.05473 0.0
0.05498 0.0
0.05522 0.0
0.05547 0.0
0.05571 0.0
0.05595 0.0
0.0562 0.0
0.05644 0.0
0.05669 0.0
0.05693 0.0
0.05717 0.0
0.05742 0.0
0.05766 0.0
0.05791 0.0
0.05815 0.0
0.0584 0.0
0.05864 0.0
0.05888 0.0
0.05913 0.0
0.05937 0.0
0.05962 0.0
0.05986 0.0
0.0601 0.0
0.06035 0.0
0.06059 0.0
0.06084 0.0
0.06108 0.0
0.06133 0.0
0.06157 0.0
0.06181 0.0
0.06206 0.0
0.0623 0.0
0.06255 0.0
0.06279 0.0
0.06303 0.0
0.06328 0.0
0.06352 0.0
0.06377 0.0
0.06401 0.0
0.06425 0.0
0.0645 0.0
0.06474 0.0
0.06499 0.0
0.06523 0.0
0.06548 0.0
0.06572 0.0
0.06596 0.0
0.06621 0.0
0.06645 0.0
0.0667 0.0
0.06694 0.0
0.06718 0.0
0.06743 0.0
0.06767 0.0
0.06792 0.0
0.06816 0.0
0.06841 0.0
0.06865 0.0
0.06889 0.0
0.06914 0.0
0.06938 0.0
0.06963 0.0
0.06987 0.0
0.07011 0.0
0.07036 0.0
0.0706 0.0
0.07085 0.0
0.07109 0.0
0.07133 0.0
0.07158 0.0
0.07182 0.0
0.07207 0.0
0.07231 0.0
0.07256 0.0
0.0728 0.0
0.07304 0.0
0.07329 0.0
0.07353 0.0
0.07378 0.0
0.07402 0.0
0.07426 0.0
0.07451 0.0
0.07475 0.0
0.075 0.0
0.07524 0.0
0.07549 0.0
0.07573 0.0
0.07597 0.0
0.07622 0.0
0.07646 0.0
0.07671 0.0
0.07695 0.0
0.07719 0.0
0.07744 0.0
0.07768 0.0
0.07793 0.0
0.07817 0.0
0.07841 0.0
0.07866 0.0
0.0789 0.0
0.07915 0.0
0.07939 0.0
0.07964 0.0
0.07988 0.0
0.08012 0.0
0.08037 0.0
0.08061 0.0
0.08086 0.0
0.0811 0.0
0.08134 0.0
0.08159 0.0
0.08183 0.0
0.08208 0.0
0.08232 0.0
0.08257 0.0
0.08281 0.0
0.08305 0.0
0.0833 0.0
0.08354 0.0
0.08379 0.0
0.08403 0.0
0.08427 0.0
0.08452 0.0
0.08476 0.0
0.08501 0.0
0.08525 0.0
0.08549 0.0
0.08574 0.0
0.08598 0.0
0.08623 0.0
0.08647 0.0
0.08672 0.0
0.08696 0.0
0.0872 0.0
0.08745 0.0
0.08769 0.0
0.08794 0.0
0.08818 0.0
0.08842 0.0
0.08867 0.0
0.08891 0.0
0.08916 0.0
0.0894 0.0
0.08965 0.0
0.08989 0.0
0.09013 0.0
0.09038 0.0
0.09062 0.0
0.09087 0.0
0.09111 0.0
0.09135 0.0
0.0916 0.0
0.09184 0.0
0.09209 0.0
0.09233 0.0
0.09258 0.0
0.09282 0.0
0.09306 0.0
0.09331 0.0
0.09355 0.0
0.0938 0.0
0.09404 0.0
0.09428 0.0
0.09453 0.0
0.09477 0.0
0.09502 0.0
0.09526 0.0
0.0955 0.0
0.09575 0.0
0.09599 0.0
0.09624 0.0
0.09648 0.0
0.09673 0.0
0.09697 0.0
0.09721 0.0
0.09746 0.0
0.0977 0.0
0.09795 0.0
0.09819 0.0
0.09843 0.0
0.09868 0.0
0.09892 0.0
0.09917 0.0
0.09941 0.0
0.09966 0.0
0.0999 0.0
0.10014 0.0
0.10039 0.0
0.10063 0.0
0.10088 0.0
0.10112 0.0
0.10136 0.0
0.10161 0.0
0.10185 0.0
0.1021 0.0
0.10234 0.0
0.10258 0.0
0.10283 0.0
0.10307 0.0
0.10332 0.0
0.10356 0.0
0.10381 0.0
0.10405 0.0
0.10429 0.0
0.10454 0.0
0.10478 0.0
0.10503 0.0
0.10527 0.0
0.10551 0.0
0.10576 0.0
0.106 0.0
0.10625 0.0
0.10649 0.0
0.10674 0.0
0.10698 0.0
0.10722 0.0
0.10747 0.0
0.10771 0.0
0.10796 0.0
0.1082 0.0
0.10844 0.0
0.10869 0.0
0.10893 0.0
0.10918 0.0
0.10942 0.0
0.10966 0.0
0.10991 0.0
0.11015 0.0
0.1104 0.0
0.11064 0.0
0.11089 0.0
0.11113 0.0
0.11137 0.0
0.11162 0.0
0.11186 0.0
0.11211 0.0
0.11235 0.0
0.11259 0.0
0.11284 0.0
0.11308 0.0
0.11333 0.0
0.11357 0.0
0.11382 0.0
0.11406 0.0
0.1143 0.0
0.11455 0.0
0.11479 0.0
0.11504 0.0
0.11528 0.0
0.11552 0.0
0.11577 0.0
0.11601 0.0
0.11626 0.0
0.1165 0.0
0.11674 0.0
0.11699 0.0
0.11723 0.0
0.11748 0.0
0.11772 0.0
0.11797 0.0
0.11821 0.0
0.11845 0.0
0.1187 0.0
0.11894 0.0
0.11919 0.0
0.11943 0.0
0.11967 0.0
0.11992 0.0
0.12016 0.0
0.12041 0.0
0.12065 0.0
0.1209 0.0
0.12114 0.0
0.12138 0.0
0.12163 0.0
0.12187 0.0
0.12212 0.0
0.12236 0.0
0.1226 0.0
0.12285 0.0
0.12309 0.0
0.12334 0.0
0.12358 0.0
0.12383 0.0
0.12407 0.0
0.12431 0.0
0.12456 0.0
0.1248 0.0
0.12505 0.0
0.12529 0.0
0.12553 0.0
0.12578 0.0
0.12602 0.0
0.12627 0.0
0.12651 0.0
0.12675 0.0
0.127 0.0
0.12724 0.0
0.12749 0.0
0.12773 0.0
0.12798 0.0
0.12822 0.0
0.12846 0.0
0.12871 0.0
