t strain*1e23
-0.80222 -9.2
-0.80198 -9.3
-0.80173 -9.4
-0.80149 -9.4
-0.80124 -9.4
-0.801 -9.4
-0.80076 -9.4
-0.80051 -9.3
-0.80027 -9.3
-0.80002 -9.2
-0.79978 -9.1
-0.79954 -9.0
-0.79929 -8.9
-0.79905 -8.7
-0.7988 -8.6
-0.79856 -8.4
-0.79832 -8.2
-0.79807 -8.0
-0.79783 -7.7
-0.79758 -7.5
-0.79734 -7.2
-0.79709 -7.0
-0.79685 -6.7
-0.79661 -6.4
-0.79636 -6.1
-0.79612 -5.8
-0.79587 -5.4
-0.79563 -5.1
-0.79539 -4.7
-0.79514 -4.4
-0.7949 -4.0
-0.79465 -3.6
-0.79441 -3.2
-0.79416 -2.8
-0.79392 -2.4
-0.79368 -2.0
-0.79343 -1.6
-0.79319 -1.2
-0.79294 -0.8
-0.7927 -0.4
-0.79246 0.0
-0.79221 0.4
-0.79197 0.9
-0.79172 1.3
-0.79148 1.7
-0.79123 2.1
-0.79099 2.5
-0.79075 2.9
-0.7905 3.3
-0.79026 3.7
-0.79001 4.1
-0.78977 4.4
-0.78953 4.8
-0.78928 5.1
-0.78904 5.5
-0.78879 5.8
-0.78855 6.1
-0.78831 6.5
-0.78806 6.8
-0.78782 7.0
-0.78757 7.3
-0.78733 7.6
-0.78708 7.8
-0.78684 8.0
-0.7866 8.3
-0.78635 8.4
-0.78611 8.6
-0.78586 8.8
-0.78562 8.9
-0.78538 9.1
-0.78513 9.2
-0.78489 9.3
-0.78464 9.3
-0.7844 9.4
-0.78415 9.4
-0.78391 9.4
-0.78367 9.4
-0.78342 9.4
-0.78318 9.4
-0.78293 9.3
-0.78269 9.3
-0.78245 9.2
-0.7822 9.1
-0.78196 8.9
-0.78171 8.8
-0.78147 8.6
-0.78123 8.5
-0.78098 8.3
-0.78074 8.0
-0.78049 7.8
-0.78025 7.6
-0.78 7.3
-0.77976 7.0
-0.77952 6.8
-0.77927 6.5
-0.77903 6.1
-0.77878 5.8
-0.77854 5.5
-0.7783 5.1
-0.77805 4.8
-0.77781 4.4
-0.77756 4.0
-0.77732 3.7
-0.77707 3.3
-0.77683 2.9
-0.77659 2.5
-0.77634 2.1
-0.7761 1.6
-0.77585 1.2
-0.77561 0.8
-0.77537 0.4
-0.77512 0.0
-0.77488 -0.4
-0.77463 -0.9
-0.77439 -1.3
-0.77415 -1.7
-0.7739 -2.1
-0.77366 -2.5
-0.77341 -2.9
-0.77317 -3.3
-0.77292 -3.7
-0.77268 -4.1
-0.77244 -4.5
-0.77219 -4.8
-0.77195 -5.2
-0.7717 -5.5
-0.77146 -5.9
-0.77122 -6.2
-0.77097 -6.5
-0.77073 -6.8
-0.77048 -7.1
-0.77024 -7.4
-0.76999 -7.6
-0.76975 -7.9
-0.76951 -8.1
-0.76926 -8.3
-0.76902 -8.5
-0.76877 -8.7
-0.76853 -8.9
-0.76829 -9.0
-0.76804 -9.1
-0.7678 -9.2
-0.76755 -9.3
-0.76731 -9.4
-0.76707 -9.5
-0.76682 -9.5
-0.76658 -9.5
-0.76633 -9.5
-0.76609 -9.5
-0.76584 -9.4
-0.7656 -9.4
-0.76536 -9.3
-0.76511 -9.2
-0.76487 -9.1
-0.76462 -8.9
-0.76438 -8.8
-0.76414 -8.6
-0.76389 -8.4
-0.76365 -8.2
-0.7634 -8.0
-0.76316 -7.8
-0.76291 -7.5
-0.76267 -7.3
-0.76243 -7.0
-0.76218 -6.7
-0.76194 -6.4
-0.76169 -6.0
-0.76145 -5.7
-0.76121 -5.4
-0.76096 -5.0
-0.76072 -4.6
-0.76047 -4.3
-0.76023 -3.9
-0.75998 -3.5
-0.75974 -3.1
-0.7595 -2.7
-0.75925 -2.3
-0.75901 -1.9
-0.75876 -1.4
-0.75852 -1.0
-0.75828 -0.6
-0.75803 -0.2
-0.75779 0.3
-0.75754 0.7
-0.7573 1.1
-0.75706 1.5
-0.75681 1.9
-0.75657 2.4
-0.75632 2.8
-0.75608 3.2
-0.75583 3.6
-0.75559 4.0
-0.75535 4.4
-0.7551 4.7
-0.75486 5.1
-0.75461 5.5
-0.75437 5.8
-0.75413 6.1
-0.75388 6.5
-0.75364 6.8
-0.75339 7.1
-0.75315 7.3
-0.7529 7.6
-0.75266 7.9
-0.75242 8.1
-0.75217 8.3
-0.75193 8.5
-0.75168 8.7
-0.75144 8.9
-0.7512 9.0
-0.75095 9.1
-0.75071 9.3
-0.75046 9.4
-0.75022 9.4
-0.74998 9.5
-0.74973 9.5
-0.74949 9.5
-0.74924 9.5
-0.749 9.5
-0.74875 9.5
-0.74851 9.4
-0.74827 9.4
-0.74802 9.3
-0.74778 9.1
-0.74753 9.0
-0.74729 8.9
-0.74705 8.7
-0.7468 8.5
-0.74656 8.3
-0.74631 8.1
-0.74607 7.8
-0.74582 7.6
-0.74558 7.3
-0.74534 7.0
-0.74509 6.7
-0.74485 6.4
-0.7446 6.1
-0.74436 5.8
-0.74412 5.4
-0.74387 5.0
-0.74363 4.7
-0.74338 4.3
-0.74314 3.9
-0.7429 3.5
-0.74265 3.1
-0.74241 2.7
-0.74216 2.3
-0.74192 1.9
-0.74167 1.4
-0.74143 1.0
-0.74119 0.6
-0.74094 0.1
-0.7407 -0.3
-0.74045 -0.7
-0.74021 -1.2
-0.73997 -1.6
-0.73972 -2.0
-0.73948 -2.4
-0.73923 -2.8
-0.73899 -3.3
-0.73874 -3.7
-0.7385 -4.1
-0.73826 -4.4
-0.73801 -4.8
-0.73777 -5.2
-0.73752 -5.6
-0.73728 -5.9
-0.73704 -6.2
-0.73679 -6.6
-0.73655 -6.9
-0.7363 -7.2
-0.73606 -7.4
-0.73582 -7.7
-0.73557 -8.0
-0.73533 -8.2
-0.73508 -8.4
-0.73484 -8.6
-0.73459 -8.8
-0.73435 -9.0
-0.73411 -9.1
-0.73386 -9.2
-0.73362 -9.3
-0.73337 -9.4
-0.73313 -9.5
-0.73289 -9.6
-0.73264 -9.6
-0.7324 -9.6
-0.73215 -9.6
-0.73191 -9.6
-0.73166 -9.5
-0.73142 -9.4
-0.73118 -9.4
-0.73093 -9.3
-0.73069 -9.1
-0.73044 -9.0
-0.7302 -8.8
-0.72996 -8.6
-0.72971 -8.5
-0.72947 -8.2
-0.72922 -8.0
-0.72898 -7.8
-0.72873 -7.5
-0.72849 -7.2
-0.72825 -6.9
-0.728 -6.6
-0.72776 -6.3
-0.72751 -5.9
-0.72727 -5.6
-0.72703 -5.2
-0.72678 -4.9
-0.72654 -4.5
-0.72629 -4.1
-0.72605 -3.7
-0.72581 -3.3
-0.72556 -2.9
-0.72532 -2.5
-0.72507 -2.0
-0.72483 -1.6
-0.72458 -1.2
-0.72434 -0.7
-0.7241 -0.3
-0.72385 0.1
-0.72361 0.6
-0.72336 1.0
-0.72312 1.5
-0.72288 1.9
-0.72263 2.3
-0.72239 2.7
-0.72214 3.2
-0.7219 3.6
-0.72165 4.0
-0.72141 4.4
-0.72117 4.8
-0.72092 5.1
-0.72068 5.5
-0.72043 5.9
-0.72019 6.2
-0.71995 6.5
-0.7197 6.8
-0.71946 7.1
-0.71921 7.4
-0.71897 7.7
-0.71873 8.0
-0.71848 8.2
-0.71824 8.4
-0.71799 8.6
-0.71775 8.8
-0.7175 9.0
-0.71726 9.1
-0.71702 9.3
-0.71677 9.4
-0.71653 9.5
-0.71628 9.5
-0.71604 9.6
-0.7158 9.6
-0.71555 9.6
-0.71531 9.6
-0.71506 9.6
-0.71482 9.6
-0.71457 9.5
-0.71433 9.4
-0.71409 9.3
-0.71384 9.2
-0.7136 9.0
-0.71335 8.9
-0.71311 8.7
-0.71287 8.5
-0.71262 8.3
-0.71238 8.0
-0.71213 7.8
-0.71189 7.5
-0.71165 7.2
-0.7114 6.9
-0.71116 6.6
-0.71091 6.3
-0.71067 5.9
-0.71042 5.6
-0.71018 5.2
-0.70994 4.8
-0.70969 4.5
-0.70945 4.1
-0.7092 3.7
-0.70896 3.2
-0.70872 2.8
-0.70847 2.4
-0.70823 2.0
-0.70798 1.5
-0.70774 1.1
-0.70749 0.6
-0.70725 0.2
-0.70701 -0.2
-0.70676 -0.7
-0.70652 -1.1
-0.70627 -1.6
-0.70603 -2.0
-0.70579 -2.4
-0.70554 -2.9
-0.7053 -3.3
-0.70505 -3.7
-0.70481 -4.1
-0.70457 -4.5
-0.70432 -4.9
-0.70408 -5.3
-0.70383 -5.6
-0.70359 -6.0
-0.70334 -6.3
-0.7031 -6.7
-0.70286 -7.0
-0.70261 -7.3
-0.70237 -7.6
-0.70212 -7.8
-0.70188 -8.1
-0.70164 -8.3
-0.70139 -8.6
-0.70115 -8.8
-0.7009 -8.9
-0.70066 -9.1
-0.70041 -9.2
-0.70017 -9.4
-0.69993 -9.5
-0.69968 -9.6
-0.69944 -9.6
-0.69919 -9.7
-0.69895 -9.7
-0.69871 -9.7
-0.69846 -9.7
-0.69822 -9.6
-0.69797 -9.6
-0.69773 -9.5
-0.69748 -9.4
-0.69724 -9.3
-0.697 -9.2
-0.69675 -9.0
-0.69651 -8.8
-0.69626 -8.6
-0.69602 -8.4
-0.69578 -8.2
-0.69553 -7.9
-0.69529 -7.7
-0.69504 -7.4
-0.6948 -7.1
-0.69456 -6.8
-0.69431 -6.4
-0.69407 -6.1
-0.69382 -5.7
-0.69358 -5.4
-0.69333 -5.0
-0.69309 -4.6
-0.69285 -4.2
-0.6926 -3.8
-0.69236 -3.4
-0.69211 -3.0
-0.69187 -2.5
-0.69163 -2.1
-0.69138 -1.6
-0.69114 -1.2
-0.69089 -0.8
-0.69065 -0.3
-0.6904 0.1
-0.69016 0.6
-0.68992 1.0
-0.68967 1.5
-0.68943 1.9
-0.68918 2.4
-0.68894 2.8
-0.6887 3.2
-0.68845 3.7
-0.68821 4.1
-0.68796 4.5
-0.68772 4.9
-0.68748 5.3
-0.68723 5.6
-0.68699 6.0
-0.68674 6.3
-0.6865 6.7
-0.68625 7.0
-0.68601 7.3
-0.68577 7.6
-0.68552 7.9
-0.68528 8.1
-0.68503 8.4
-0.68479 8.6
-0.68455 8.8
-0.6843 9.0
-0.68406 9.2
-0.68381 9.3
-0.68357 9.4
-0.68332 9.5
-0.68308 9.6
-0.68284 9.7
-0.68259 9.7
-0.68235 9.8
-0.6821 9.8
-0.68186 9.7
-0.68162 9.7
-0.68137 9.6
-0.68113 9.6
-0.68088 9.5
-0.68064 9.3
-0.6804 9.2
-0.68015 9.0
-0.67991 8.8
-0.67966 8.6
-0.67942 8.4
-0.67917 8.2
-0.67893 7.9
-0.67869 7.7
-0.67844 7.4
-0.6782 7.1
-0.67795 6.7
-0.67771 6.4
-0.67747 6.0
-0.67722 5.7
-0.67698 5.3
-0.67673 4.9
-0.67649 4.5
-0.67624 4.1
-0.676 3.7
-0.67576 3.3
-0.67551 2.8
-0.67527 2.4
-0.67502 2.0
-0.67478 1.5
-0.67454 1.1
-0.67429 0.6
-0.67405 0.2
-0.6738 -0.3
-0.67356 -0.8
-0.67332 -1.2
-0.67307 -1.7
-0.67283 -2.1
-0.67258 -2.6
-0.67234 -3.0
-0.67209 -3.4
-0.67185 -3.9
-0.67161 -4.3
-0.67136 -4.7
-0.67112 -5.1
-0.67087 -5.5
-0.67063 -5.8
-0.67039 -6.2
-0.67014 -6.5
-0.6699 -6.9
-0.66965 -7.2
-0.66941 -7.5
-0.66916 -7.8
-0.66892 -8.1
-0.66868 -8.3
-0.66843 -8.5
-0.66819 -8.8
-0.66794 -9.0
-0.6677 -9.1
-0.66746 -9.3
-0.66721 -9.4
-0.66697 -9.5
-0.66672 -9.6
-0.66648 -9.7
-0.66623 -9.8
-0.66599 -9.8
-0.66575 -9.8
-0.6655 -9.8
-0.66526 -9.8
-0.66501 -9.7
-0.66477 -9.6
-0.66453 -9.5
-0.66428 -9.4
-0.66404 -9.3
-0.66379 -9.1
-0.66355 -8.9
-0.66331 -8.7
-0.66306 -8.5
-0.66282 -8.3
-0.66257 -8.0
-0.66233 -7.8
-0.66208 -7.5
-0.66184 -7.2
-0.6616 -6.8
-0.66135 -6.5
-0.66111 -6.2
-0.66086 -5.8
-0.66062 -5.4
-0.66038 -5.0
-0.66013 -4.6
-0.65989 -4.2
-0.65964 -3.8
-0.6594 -3.4
-0.65915 -2.9
-0.65891 -2.5
-0.65867 -2.0
-0.65842 -1.6
-0.65818 -1.1
-0.65793 -0.7
-0.65769 -0.2
-0.65745 0.3
-0.6572 0.7
-0.65696 1.2
-0.65671 1.7
-0.65647 2.1
-0.65623 2.6
-0.65598 3.0
-0.65574 3.4
-0.65549 3.9
-0.65525 4.3
-0.655 4.7
-0.65476 5.1
-0.65452 5.5
-0.65427 5.9
-0.65403 6.2
-0.65378 6.6
-0.65354 6.9
-0.6533 7.3
-0.65305 7.6
-0.65281 7.9
-0.65256 8.1
-0.65232 8.4
-0.65207 8.6
-0.65183 8.8
-0.65159 9.0
-0.65134 9.2
-0.6511 9.4
-0.65085 9.5
-0.65061 9.6
-0.65037 9.7
-0.65012 9.8
-0.64988 9.8
-0.64963 9.9
-0.64939 9.9
-0.64915 9.8
-0.6489 9.8
-0.64866 9.7
-0.64841 9.7
-0.64817 9.6
-0.64792 9.4
-0.64768 9.3
-0.64744 9.1
-0.64719 8.9
-0.64695 8.7
-0.6467 8.5
-0.64646 8.3
-0.64622 8.0
-0.64597 7.7
-0.64573 7.4
-0.64548 7.1
-0.64524 6.8
-0.64499 6.4
-0.64475 6.1
-0.64451 5.7
-0.64426 5.3
-0.64402 4.9
-0.64377 4.5
-0.64353 4.1
-0.64329 3.6
-0.64304 3.2
-0.6428 2.7
-0.64255 2.3
-0.64231 1.8
-0.64207 1.4
-0.64182 0.9
-0.64158 0.4
-0.64133 0.0
-0.64109 -0.5
-0.64084 -1.0
-0.6406 -1.4
-0.64036 -1.9
-0.64011 -2.4
-0.63987 -2.8
-0.63962 -3.3
-0.63938 -3.7
-0.63914 -4.1
-0.63889 -4.6
-0.63865 -5.0
-0.6384 -5.4
-0.63816 -5.8
-0.63791 -6.1
-0.63767 -6.5
-0.63743 -6.9
-0.63718 -7.2
-0.63694 -7.5
-0.63669 -7.8
-0.63645 -8.1
-0.63621 -8.3
-0.63596 -8.6
-0.63572 -8.8
-0.63547 -9.0
-0.63523 -9.2
-0.63498 -9.4
-0.63474 -9.5
-0.6345 -9.6
-0.63425 -9.7
-0.63401 -9.8
-0.63376 -9.9
-0.63352 -9.9
-0.63328 -9.9
-0.63303 -9.9
-0.63279 -9.9
-0.63254 -9.8
-0.6323 -9.7
-0.63206 -9.6
-0.63181 -9.5
-0.63157 -9.4
-0.63132 -9.2
-0.63108 -9.0
-0.63083 -8.8
-0.63059 -8.6
-0.63035 -8.3
-0.6301 -8.1
-0.62986 -7.8
-0.62961 -7.5
-0.62937 -7.2
-0.62913 -6.8
-0.62888 -6.5
-0.62864 -6.1
-0.62839 -5.7
-0.62815 -5.3
-0.6279 -4.9
-0.62766 -4.5
-0.62742 -4.1
-0.62717 -3.6
-0.62693 -3.2
-0.62668 -2.7
-0.62644 -2.3
-0.6262 -1.8
-0.62595 -1.3
-0.62571 -0.9
-0.62546 -0.4
-0.62522 0.0
-0.62498 0.6
-0.62473 1.0
-0.62449 1.5
-0.62424 2.0
-0.624 2.4
-0.62375 2.9
-0.62351 3.4
-0.62327 3.8
-0.62302 4.2
-0.62278 4.7
-0.62253 5.1
-0.62229 5.5
-0.62205 5.9
-0.6218 6.3
-0.62156 6.6
-0.62131 7.0
-0.62107 7.3
-0.62082 7.6
-0.62058 7.9
-0.62034 8.2
-0.62009 8.5
-0.61985 8.7
-0.6196 8.9
-0.61936 9.1
-0.61912 9.3
-0.61887 9.5
-0.61863 9.6
-0.61838 9.7
-0.61814 9.8
-0.6179 9.9
-0.61765 9.9
-0.61741 10.0
-0.61716 10.0
-0.61692 10.0
-0.61667 9.9
-0.61643 9.8
-0.61619 9.8
-0.61594 9.6
-0.6157 9.5
-0.61545 9.4
-0.61521 9.2
-0.61497 9.0
-0.61472 8.8
-0.61448 8.5
-0.61423 8.3
-0.61399 8.0
-0.61374 7.7
-0.6135 7.4
-0.61326 7.0
-0.61301 6.7
-0.61277 6.3
-0.61252 5.9
-0.61228 5.5
-0.61204 5.1
-0.61179 4.7
-0.61155 4.3
-0.6113 3.8
-0.61106 3.4
-0.61082 2.9
-0.61057 2.5
-0.61033 2.0
-0.61008 1.5
-0.60984 1.0
-0.60959 0.6
-0.60935 0.0
-0.60911 -0.4
-0.60886 -0.9
-0.60862 -1.4
-0.60837 -1.8
-0.60813 -2.3
-0.60789 -2.8
-0.60764 -3.2
-0.6074 -3.7
-0.60715 -4.1
-0.60691 -4.6
-0.60666 -5.0
-0.60642 -5.4
-0.60618 -5.8
-0.60593 -6.2
-0.60569 -6.6
-0.60544 -6.9
-0.6052 -7.3
-0.60496 -7.6
-0.60471 -7.9
-0.60447 -8.2
-0.60422 -8.5
-0.60398 -8.7
-0.60373 -9.0
-0.60349 -9.2
-0.60325 -9.4
-0.603 -9.5
-0.60276 -9.7
-0.60251 -9.8
-0.60227 -9.9
-0.60203 -10.0
-0.60178 -10.0
-0.60154 -10.0
-0.60129 -10.0
-0.60105 -10.0
-0.60081 -10.0
-0.60056 -9.9
-0.60032 -9.8
-0.60007 -9.7
-0.59983 -9.6
-0.59958 -9.4
-0.59934 -9.2
-0.5991 -9.0
-0.59885 -8.8
-0.59861 -8.6
-0.59836 -8.3
-0.59812 -8.0
-0.59788 -7.7
-0.59763 -7.4
-0.59739 -7.0
-0.59714 -6.7
-0.5969 -6.3
-0.59665 -5.9
-0.59641 -5.5
-0.59617 -5.1
-0.59592 -4.7
-0.59568 -4.2
-0.59543 -3.8
-0.59519 -3.3
-0.59495 -2.9
-0.5947 -2.4
-0.59446 -1.9
-0.59421 -1.4
-0.59397 -0.9
-0.59373 -0.4
-0.59348 0.0
-0.59324 0.5
-0.59299 1.0
-0.59275 1.5
-0.5925 2.0
-0.59226 2.5
-0.59202 2.9
-0.59177 3.4
-0.59153 3.9
-0.59128 4.3
-0.59104 4.8
-0.5908 5.2
-0.59055 5.6
-0.59031 6.0
-0.59006 6.4
-0.58982 6.8
-0.58957 7.1
-0.58933 7.5
-0.58909 7.8
-0.58884 8.1
-0.5886 8.4
-0.58835 8.6
-0.58811 8.9
-0.58787 9.1
-0.58762 9.3
-0.58738 9.5
-0.58713 9.7
-0.58689 9.8
-0.58665 9.9
-0.5864 10.0
-0.58616 10.0
-0.58591 10.1
-0.58567 10.1
-0.58542 10.1
-0.58518 10.1
-0.58494 10.0
-0.58469 9.9
-0.58445 9.8
-0.5842 9.7
-0.58396 9.5
-0.58372 9.4
-0.58347 9.2
-0.58323 8.9
-0.58298 8.7
-0.58274 8.4
-0.58249 8.1
-0.58225 7.8
-0.58201 7.5
-0.58176 7.2
-0.58152 6.8
-0.58127 6.4
-0.58103 6.1
-0.58079 5.7
-0.58054 5.2
-0.5803 4.8
-0.58005 4.4
-0.57981 3.9
-0.57957 3.4
-0.57932 3.0
-0.57908 2.5
-0.57883 2.0
-0.57859 1.5
-0.57834 1.0
-0.5781 0.5
-0.57786 0.0
-0.57761 -0.5
-0.57737 -1.0
-0.57712 -1.5
-0.57688 -1.9
-0.57664 -2.4
-0.57639 -2.9
-0.57615 -3.4
-0.5759 -3.9
-0.57566 -4.3
-0.57541 -4.8
-0.57517 -5.2
-0.57493 -5.6
-0.57468 -6.0
-0.57444 -6.4
-0.57419 -6.8
-0.57395 -7.2
-0.57371 -7.5
-0.57346 -7.8
-0.57322 -8.2
-0.57297 -8.4
-0.57273 -8.7
-0.57248 -9.0
-0.57224 -9.2
-0.572 -9.4
-0.57175 -9.6
-0.57151 -9.7
-0.57126 -9.9
-0.57102 -10.0
-0.57078 -10.1
-0.57053 -10.1
-0.57029 -10.1
-0.57004 -10.2
-0.5698 -10.1
-0.56956 -10.1
-0.56931 -10.0
-0.56907 -10.0
-0.56882 -9.8
-0.56858 -9.7
-0.56833 -9.6
-0.56809 -9.4
-0.56785 -9.2
-0.5676 -8.9
-0.56736 -8.7
-0.56711 -8.4
-0.56687 -8.1
-0.56663 -7.8
-0.56638 -7.5
-0.56614 -7.1
-0.56589 -6.8
-0.56565 -6.4
-0.5654 -6.0
-0.56516 -5.6
-0.56492 -5.1
-0.56467 -4.7
-0.56443 -4.2
-0.56418 -3.8
-0.56394 -3.3
-0.5637 -2.8
-0.56345 -2.3
-0.56321 -1.8
-0.56296 -1.3
-0.56272 -0.8
-0.56248 -0.3
-0.56223 0.2
-0.56199 0.7
-0.56174 1.2
-0.5615 1.7
-0.56125 2.2
-0.56101 2.7
-0.56077 3.2
-0.56052 3.7
-0.56028 4.1
-0.56003 4.6
-0.55979 5.0
-0.55955 5.5
-0.5593 5.9
-0.55906 6.3
-0.55881 6.7
-0.55857 7.1
-0.55832 7.4
-0.55808 7.8
-0.55784 8.1
-0.55759 8.4
-0.55735 8.7
-0.5571 8.9
-0.55686 9.2
-0.55662 9.4
-0.55637 9.6
-0.55613 9.7
-0.55588 9.9
-0.55564 10.0
-0.5554 10.1
-0.55515 10.2
-0.55491 10.2
-0.55466 10.2
-0.55442 10.2
-0.55417 10.2
-0.55393 10.1
-0.55369 10.0
-0.55344 9.9
-0.5532 9.8
-0.55295 9.6
-0.55271 9.5
-0.55247 9.3
-0.55222 9.0
-0.55198 8.8
-0.55173 8.5
-0.55149 8.2
-0.55124 7.9
-0.551 7.6
-0.55076 7.2
-0.55051 6.8
-0.55027 6.4
-0.55002 6.0
-0.54978 5.6
-0.54954 5.2
-0.54929 4.7
-0.54905 4.3
-0.5488 3.8
-0.54856 3.3
-0.54832 2.8
-0.54807 2.3
-0.54783 1.8
-0.54758 1.3
-0.54734 0.8
-0.54709 0.3
-0.54685 -0.2
-0.54661 -0.7
-0.54636 -1.2
-0.54612 -1.8
-0.54587 -2.3
-0.54563 -2.8
-0.54539 -3.3
-0.54514 -3.7
-0.5449 -4.2
-0.54465 -4.7
-0.54441 -5.1
-0.54416 -5.6
-0.54392 -6.0
-0.54368 -6.4
-0.54343 -6.8
-0.54319 -7.2
-0.54294 -7.5
-0.5427 -7.9
-0.54246 -8.2
-0.54221 -8.5
-0.54197 -8.8
-0.54172 -9.0
-0.54148 -9.3
-0.54123 -9.5
-0.54099 -9.7
-0.54075 -9.8
-0.5405 -10.0
-0.54026 -10.1
-0.54001 -10.2
-0.53977 -10.2
-0.53953 -10.3
-0.53928 -10.3
-0.53904 -10.3
-0.53879 -10.2
-0.53855 -10.2
-0.53831 -10.1
-0.53806 -9.9
-0.53782 -9.8
-0.53757 -9.6
-0.53733 -9.4
-0.53708 -9.2
-0.53684 -9.0
-0.5366 -8.7
-0.53635 -8.4
-0.53611 -8.1
-0.53586 -7.8
-0.53562 -7.4
-0.53538 -7.1
-0.53513 -6.7
-0.53489 -6.3
-0.53464 -5.8
-0.5344 -5.4
-0.53415 -5.0
-0.53391 -4.5
-0.53367 -4.0
-0.53342 -3.5
-0.53318 -3.0
-0.53293 -2.5
-0.53269 -2.0
-0.53245 -1.5
-0.5322 -1.0
-0.53196 -0.5
-0.53171 0.0
-0.53147 0.6
-0.53123 1.1
-0.53098 1.6
-0.53074 2.1
-0.53049 2.6
-0.53025 3.1
-0.53 3.6
-0.52976 4.1
-0.52952 4.6
-0.52927 5.1
-0.52903 5.5
-0.52878 5.9
-0.52854 6.4
-0.5283 6.8
-0.52805 7.2
-0.52781 7.5
-0.52756 7.9
-0.52732 8.2
-0.52707 8.5
-0.52683 8.8
-0.52659 9.1
-0.52634 9.3
-0.5261 9.5
-0.52585 9.7
-0.52561 9.9
-0.52537 10.0
-0.52512 10.2
-0.52488 10.2
-0.52463 10.3
-0.52439 10.3
-0.52415 10.4
-0.5239 10.3
-0.52366 10.3
-0.52341 10.2
-0.52317 10.1
-0.52292 10.0
-0.52268 9.9
-0.52244 9.7
-0.52219 9.5
-0.52195 9.3
-0.5217 9.0
-0.52146 8.7
-0.52122 8.4
-0.52097 8.1
-0.52073 7.8
-0.52048 7.4
-0.52024 7.1
-0.51999 6.7
-0.51975 6.2
-0.51951 5.8
-0.51926 5.4
-0.51902 4.9
-0.51877 4.4
-0.51853 4.0
-0.51829 3.5
-0.51804 3.0
-0.5178 2.4
-0.51755 1.9
-0.51731 1.4
-0.51707 0.9
-0.51682 0.3
-0.51658 -0.2
-0.51633 -0.7
-0.51609 -1.2
-0.51584 -1.8
-0.5156 -2.3
-0.51536 -2.8
-0.51511 -3.3
-0.51487 -3.8
-0.51462 -4.3
-0.51438 -4.8
-0.51414 -5.3
-0.51389 -5.7
-0.51365 -6.1
-0.5134 -6.6
-0.51316 -7.0
-0.51291 -7.4
-0.51267 -7.7
-0.51243 -8.1
-0.51218 -8.4
-0.51194 -8.7
-0.51169 -9.0
-0.51145 -9.3
-0.51121 -9.5
-0.51096 -9.7
-0.51072 -9.9
-0.51047 -10.0
-0.51023 -10.2
-0.50998 -10.3
-0.50974 -10.3
-0.5095 -10.4
-0.50925 -10.4
-0.50901 -10.4
-0.50876 -10.4
-0.50852 -10.3
-0.50828 -10.2
-0.50803 -10.1
-0.50779 -10.0
-0.50754 -9.8
-0.5073 -9.6
-0.50706 -9.4
-0.50681 -9.2
-0.50657 -8.9
-0.50632 -8.6
-0.50608 -8.3
-0.50583 -7.9
-0.50559 -7.6
-0.50535 -7.2
-0.5051 -6.8
-0.50486 -6.4
-0.50461 -6.0
-0.50437 -5.5
-0.50413 -5.0
-0.50388 -4.6
-0.50364 -4.1
-0.50339 -3.6
-0.50315 -3.1
-0.5029 -2.5
-0.50266 -2.0
-0.50242 -1.5
-0.50217 -0.9
-0.50193 -0.4
-0.50168 0.1
-0.50144 0.7
-0.5012 1.2
-0.50095 1.7
-0.50071 2.3
-0.50046 2.8
-0.50022 3.3
-0.49998 3.8
-0.49973 4.3
-0.49949 4.8
-0.49924 5.3
-0.499 5.7
-0.49875 6.2
-0.49851 6.6
-0.49827 7.0
-0.49802 7.4
-0.49778 7.8
-0.49753 8.2
-0.49729 8.5
-0.49705 8.8
-0.4968 9.1
-0.49656 9.3
-0.49631 9.6
-0.49607 9.8
-0.49582 10.0
-0.49558 10.1
-0.49534 10.3
-0.49509 10.4
-0.49485 10.4
-0.4946 10.5
-0.49436 10.5
-0.49412 10.5
-0.49387 10.4
-0.49363 10.4
-0.49338 10.3
-0.49314 10.2
-0.4929 10.0
-0.49265 9.8
-0.49241 9.6
-0.49216 9.4
-0.49192 9.1
-0.49167 8.9
-0.49143 8.6
-0.49119 8.2
-0.49094 7.9
-0.4907 7.5
-0.49045 7.1
-0.49021 6.7
-0.48997 6.3
-0.48972 5.8
-0.48948 5.4
-0.48923 4.9
-0.48899 4.4
-0.48874 3.9
-0.4885 3.4
-0.48826 2.8
-0.48801 2.3
-0.48777 1.8
-0.48752 1.2
-0.48728 0.7
-0.48704 0.1
-0.48679 -0.4
-0.48655 -1.0
-0.4863 -1.5
-0.48606 -2.0
-0.48582 -2.6
-0.48557 -3.1
-0.48533 -3.6
-0.48508 -4.1
-0.48484 -4.7
-0.48459 -5.1
-0.48435 -5.6
-0.48411 -6.1
-0.48386 -6.5
-0.48362 -6.9
-0.48337 -7.3
-0.48313 -7.7
-0.48289 -8.1
-0.48264 -8.4
-0.4824 -8.8
-0.48215 -9.1
-0.48191 -9.3
-0.48166 -9.6
-0.48142 -9.8
-0.48118 -10.0
-0.48093 -10.2
-0.48069 -10.3
-0.48044 -10.4
-0.4802 -10.5
-0.47996 -10.5
-0.47971 -10.6
-0.47947 -10.6
-0.47922 -10.5
-0.47898 -10.5
-0.47873 -10.4
-0.47849 -10.2
-0.47825 -10.1
-0.478 -9.9
-0.47776 -9.7
-0.47751 -9.5
-0.47727 -9.2
-0.47703 -8.9
-0.47678 -8.6
-0.47654 -8.3
-0.47629 -7.9
-0.47605 -7.6
-0.47581 -7.2
-0.47556 -6.7
-0.47532 -6.3
-0.47507 -5.9
-0.47483 -5.4
-0.47458 -4.9
-0.47434 -4.4
-0.4741 -3.9
-0.47385 -3.4
-0.47361 -2.8
-0.47336 -2.3
-0.47312 -1.7
-0.47288 -1.2
-0.47263 -0.6
-0.47239 0.0
-0.47214 0.5
-0.4719 1.1
-0.47165 1.6
-0.47141 2.2
-0.47117 2.7
-0.47092 3.2
-0.47068 3.8
-0.47043 4.3
-0.47019 4.8
-0.46995 5.3
-0.4697 5.8
-0.46946 6.2
-0.46921 6.7
-0.46897 7.1
-0.46873 7.5
-0.46848 7.9
-0.46824 8.3
-0.46799 8.6
-0.46775 8.9
-0.4675 9.2
-0.46726 9.5
-0.46702 9.7
-0.46677 9.9
-0.46653 10.1
-0.46628 10.3
-0.46604 10.4
-0.4658 10.5
-0.46555 10.6
-0.46531 10.6
-0.46506 10.6
-0.46482 10.6
-0.46457 10.6
-0.46433 10.5
-0.46409 10.4
-0.46384 10.2
-0.4636 10.1
-0.46335 9.9
-0.46311 9.7
-0.46287 9.4
-0.46262 9.1
-0.46238 8.8
-0.46213 8.5
-0.46189 8.1
-0.46165 7.8
-0.4614 7.4
-0.46116 7.0
-0.46091 6.5
-0.46067 6.1
-0.46042 5.6
-0.46018 5.1
-0.45994 4.6
-0.45969 4.1
-0.45945 3.5
-0.4592 3.0
-0.45896 2.4
-0.45872 1.9
-0.45847 1.3
-0.45823 0.8
-0.45798 0.2
-0.45774 -0.4
-0.45749 -0.9
-0.45725 -1.5
-0.45701 -2.1
-0.45676 -2.6
-0.45652 -3.2
-0.45627 -3.7
-0.45603 -4.2
-0.45579 -4.8
-0.45554 -5.3
-0.4553 -5.8
-0.45505 -6.2
-0.45481 -6.7
-0.45457 -7.1
-0.45432 -7.5
-0.45408 -7.9
-0.45383 -8.3
-0.45359 -8.7
-0.45334 -9.0
-0.4531 -9.3
-0.45286 -9.6
-0.45261 -9.8
-0.45237 -10.0
-0.45212 -10.2
-0.45188 -10.4
-0.45164 -10.5
-0.45139 -10.6
-0.45115 -10.7
-0.4509 -10.7
-0.45066 -10.7
-0.45041 -10.7
-0.45017 -10.6
-0.44993 -10.6
-0.44968 -10.4
-0.44944 -10.3
-0.44919 -10.1
-0.44895 -9.9
-0.44871 -9.7
-0.44846 -9.4
-0.44822 -9.1
-0.44797 -8.8
-0.44773 -8.5
-0.44748 -8.1
-0.44724 -7.7
-0.447 -7.3
-0.44675 -6.9
-0.44651 -6.4
-0.44626 -6.0
-0.44602 -5.5
-0.44578 -5.0
-0.44553 -4.5
-0.44529 -3.9
-0.44504 -3.4
-0.4448 -2.8
-0.44456 -2.3
-0.44431 -1.7
-0.44407 -1.1
-0.44382 -0.5
-0.44358 0.0
-0.44333 0.6
-0.44309 1.2
-0.44285 1.8
-0.4426 2.3
-0.44236 2.9
-0.44211 3.5
-0.44187 4.0
-0.44163 4.5
-0.44138 5.1
-0.44114 5.6
-0.44089 6.1
-0.44065 6.5
-0.4404 7.0
-0.44016 7.4
-0.43992 7.8
-0.43967 8.2
-0.43943 8.6
-0.43918 8.9
-0.43894 9.2
-0.4387 9.5
-0.43845 9.8
-0.43821 10.0
-0.43796 10.2
-0.43772 10.4
-0.43748 10.5
-0.43723 10.6
-0.43699 10.7
-0.43674 10.8
-0.4365 10.8
-0.43625 10.8
-0.43601 10.7
-0.43577 10.7
-0.43552 10.5
-0.43528 10.4
-0.43503 10.2
-0.43479 10.0
-0.43455 9.8
-0.4343 9.5
-0.43406 9.2
-0.43381 8.9
-0.43357 8.6
-0.43332 8.2
-0.43308 7.8
-0.43284 7.4
-0.43259 7.0
-0.43235 6.5
-0.4321 6.0
-0.43186 5.5
-0.43162 5.0
-0.43137 4.5
-0.43113 4.0
-0.43088 3.4
-0.43064 2.8
-0.4304 2.3
-0.43015 1.7
-0.42991 1.1
-0.42966 0.5
-0.42942 0.0
-0.42917 -0.7
-0.42893 -1.2
-0.42869 -1.8
-0.42844 -2.4
-0.4282 -3.0
-0.42795 -3.5
-0.42771 -4.1
-0.42747 -4.6
-0.42722 -5.2
-0.42698 -5.7
-0.42673 -6.2
-0.42649 -6.7
-0.42624 -7.1
-0.426 -7.6
-0.42576 -8.0
-0.42551 -8.4
-0.42527 -8.7
-0.42502 -9.1
-0.42478 -9.4
-0.42454 -9.7
-0.42429 -9.9
-0.42405 -10.2
-0.4238 -10.4
-0.42356 -10.5
-0.42332 -10.7
-0.42307 -10.8
-0.42283 -10.8
-0.42258 -10.9
-0.42234 -10.9
-0.42209 -10.8
-0.42185 -10.8
-0.42161 -10.7
-0.42136 -10.6
-0.42112 -10.4
-0.42087 -10.2
-0.42063 -10.0
-0.42039 -9.8
-0.42014 -9.5
-0.4199 -9.2
-0.41965 -8.8
-0.41941 -8.5
-0.41916 -8.1
-0.41892 -7.7
-0.41868 -7.2
-0.41843 -6.8
-0.41819 -6.3
-0.41794 -5.8
-0.4177 -5.3
-0.41746 -4.8
-0.41721 -4.2
-0.41697 -3.6
-0.41672 -3.1
-0.41648 -2.5
-0.41623 -1.9
-0.41599 -1.3
-0.41575 -0.7
-0.4155 -0.1
-0.41526 0.5
-0.41501 1.1
-0.41477 1.7
-0.41453 2.3
-0.41428 2.9
-0.41404 3.4
-0.41379 4.0
-0.41355 4.6
-0.41331 5.1
-0.41306 5.6
-0.41282 6.1
-0.41257 6.6
-0.41233 7.1
-0.41208 7.6
-0.41184 8.0
-0.4116 8.4
-0.41135 8.8
-0.41111 9.1
-0.41086 9.4
-0.41062 9.7
-0.41038 10.0
-0.41013 10.2
-0.40989 10.4
-0.40964 10.6
-0.4094 10.7
-0.40915 10.8
-0.40891 10.9
-0.40867 10.9
-0.40842 11.0
-0.40818 10.9
-0.40793 10.9
-0.40769 10.8
-0.40745 10.6
-0.4072 10.5
-0.40696 10.3
-0.40671 10.0
-0.40647 9.8
-0.40623 9.5
-0.40598 9.2
-0.40574 8.8
-0.40549 8.5
-0.40525 8.1
-0.405 7.6
-0.40476 7.2
-0.40452 6.7
-0.40427 6.2
-0.40403 5.7
-0.40378 5.2
-0.40354 4.6
-0.4033 4.1
-0.40305 3.5
-0.40281 2.9
-0.40256 2.3
-0.40232 1.7
-0.40207 1.1
-0.40183 0.5
-0.40159 -0.1
-0.40134 -0.7
-0.4011 -1.3
-0.40085 -1.9
-0.40061 -2.5
-0.40037 -3.1
-0.40012 -3.7
-0.39988 -4.3
-0.39963 -4.9
-0.39939 -5.4
-0.39915 -5.9
-0.3989 -6.4
-0.39866 -6.9
-0.39841 -7.4
-0.39817 -7.8
-0.39792 -8.3
-0.39768 -8.7
-0.39744 -9.0
-0.39719 -9.4
-0.39695 -9.7
-0.3967 -10.0
-0.39646 -10.2
-0.39622 -10.4
-0.39597 -10.6
-0.39573 -10.8
-0.39548 -10.9
-0.39524 -11.0
-0.39499 -11.0
-0.39475 -11.0
-0.39451 -11.0
-0.39426 -11.0
-0.39402 -10.9
-0.39377 -10.8
-0.39353 -10.6
-0.39329 -10.4
-0.39304 -10.2
-0.3928 -9.9
-0.39255 -9.6
-0.39231 -9.3
-0.39207 -9.0
-0.39182 -8.6
-0.39158 -8.2
-0.39133 -7.8
-0.39109 -7.3
-0.39084 -6.8
-0.3906 -6.3
-0.39036 -5.8
-0.39011 -5.3
-0.38987 -4.7
-0.38962 -4.1
-0.38938 -3.6
-0.38914 -3.0
-0.38889 -2.4
-0.38865 -1.7
-0.3884 -1.1
-0.38816 -0.5
-0.38791 0.1
-0.38767 0.7
-0.38743 1.4
-0.38718 2.0
-0.38694 2.6
-0.38669 3.2
-0.38645 3.8
-0.38621 4.4
-0.38596 5.0
-0.38572 5.5
-0.38547 6.0
-0.38523 6.6
-0.38498 7.1
-0.38474 7.5
-0.3845 8.0
-0.38425 8.4
-0.38401 8.8
-0.38376 9.2
-0.38352 9.5
-0.38328 9.8
-0.38303 10.1
-0.38279 10.4
-0.38254 10.6
-0.3823 10.7
-0.38206 10.9
-0.38181 11.0
-0.38157 11.1
-0.38132 11.1
-0.38108 11.1
-0.38083 11.1
-0.38059 11.0
-0.38035 10.9
-0.3801 10.8
-0.37986 10.6
-0.37961 10.4
-0.37937 10.1
-0.37913 9.9
-0.37888 9.6
-0.37864 9.2
-0.37839 8.9
-0.37815 8.5
-0.3779 8.0
-0.37766 7.6
-0.37742 7.1
-0.37717 6.6
-0.37693 6.1
-0.37668 5.5
-0.37644 5.0
-0.3762 4.4
-0.37595 3.8
-0.37571 3.2
-0.37546 2.6
-0.37522 2.0
-0.37498 1.3
-0.37473 0.7
-0.37449 0.0
-0.37424 -0.6
-0.374 -1.2
-0.37375 -1.8
-0.37351 -2.5
-0.37327 -3.1
-0.37302 -3.7
-0.37278 -4.3
-0.37253 -4.9
-0.37229 -5.4
-0.37205 -6.0
-0.3718 -6.5
-0.37156 -7.0
-0.37131 -7.5
-0.37107 -8.0
-0.37082 -8.4
-0.37058 -8.8
-0.37034 -9.2
-0.37009 -9.6
-0.36985 -9.9
-0.3696 -10.2
-0.36936 -10.4
-0.36912 -10.6
-0.36887 -10.8
-0.36863 -11.0
-0.36838 -11.1
-0.36814 -11.2
-0.3679 -11.2
-0.36765 -11.2
-0.36741 -11.2
-0.36716 -11.1
-0.36692 -11.0
-0.36667 -10.8
-0.36643 -10.7
-0.36619 -10.5
-0.36594 -10.2
-0.3657 -9.9
-0.36545 -9.6
-0.36521 -9.2
-0.36497 -8.9
-0.36472 -8.5
-0.36448 -8.0
-0.36423 -7.5
-0.36399 -7.1
-0.36374 -6.5
-0.3635 -6.0
-0.36326 -5.4
-0.36301 -4.9
-0.36277 -4.3
-0.36252 -3.7
-0.36228 -3.1
-0.36204 -2.4
-0.36179 -1.8
-0.36155 -1.1
-0.3613 -0.5
-0.36106 0.2
-0.36082 0.8
-0.36057 1.5
-0.36033 2.1
-0.36008 2.7
-0.35984 3.4
-0.35959 4.0
-0.35935 4.6
-0.35911 5.2
-0.35886 5.8
-0.35862 6.3
-0.35837 6.8
-0.35813 7.4
-0.35789 7.8
-0.35764 8.3
-0.3574 8.7
-0.35715 9.1
-0.35691 9.5
-0.35666 9.8
-0.35642 10.1
-0.35618 10.4
-0.35593 10.7
-0.35569 10.9
-0.35544 11.0
-0.3552 11.2
-0.35496 11.2
-0.35471 11.3
-0.35447 11.3
-0.35422 11.3
-0.35398 11.2
-0.35373 11.1
-0.35349 11.0
-0.35325 10.8
-0.353 10.6
-0.35276 10.3
-0.35251 10.1
-0.35227 9.7
-0.35203 9.4
-0.35178 9.0
-0.35154 8.6
-0.35129 8.1
-0.35105 7.7
-0.35081 7.2
-0.35056 6.6
-0.35032 6.1
-0.35007 5.5
-0.34983 4.9
-0.34958 4.3
-0.34934 3.7
-0.3491 3.1
-0.34885 2.4
-0.34861 1.8
-0.34836 1.1
-0.34812 0.5
-0.34788 -0.2
-0.34763 -0.9
-0.34739 -1.5
-0.34714 -2.2
-0.3469 -2.8
-0.34665 -3.5
-0.34641 -4.1
-0.34617 -4.7
-0.34592 -5.3
-0.34568 -5.9
-0.34543 -6.5
-0.34519 -7.0
-0.34495 -7.5
-0.3447 -8.0
-0.34446 -8.5
-0.34421 -8.9
-0.34397 -9.3
-0.34373 -9.7
-0.34348 -10.0
-0.34324 -10.3
-0.34299 -10.6
-0.34275 -10.8
-0.3425 -11.0
-0.34226 -11.2
-0.34202 -11.3
-0.34177 -11.4
-0.34153 -11.4
-0.34128 -11.4
-0.34104 -11.4
-0.3408 -11.3
-0.34055 -11.2
-0.34031 -11.0
-0.34006 -10.8
-0.33982 -10.6
-0.33957 -10.3
-0.33933 -10.0
-0.33909 -9.6
-0.33884 -9.3
-0.3386 -8.9
-0.33835 -8.4
-0.33811 -7.9
-0.33787 -7.4
-0.33762 -6.9
-0.33738 -6.4
-0.33713 -5.8
-0.33689 -5.2
-0.33665 -4.6
-0.3364 -4.0
-0.33616 -3.3
-0.33591 -2.7
-0.33567 -2.0
-0.33542 -1.3
-0.33518 -0.7
-0.33494 0.0
-0.33469 0.7
-0.33445 1.4
-0.3342 2.1
-0.33396 2.7
-0.33372 3.4
-0.33347 4.0
-0.33323 4.7
-0.33298 5.3
-0.33274 5.9
-0.33249 6.4
-0.33225 7.0
-0.33201 7.5
-0.33176 8.0
-0.33152 8.5
-0.33127 9.0
-0.33103 9.4
-0.33079 9.7
-0.33054 10.1
-0.3303 10.4
-0.33005 10.7
-0.32981 10.9
-0.32957 11.1
-0.32932 11.3
-0.32908 11.4
-0.32883 11.5
-0.32859 11.5
-0.32834 11.5
-0.3281 11.4
-0.32786 11.4
-0.32761 11.2
-0.32737 11.1
-0.32712 10.9
-0.32688 10.6
-0.32664 10.3
-0.32639 10.0
-0.32615 9.6
-0.3259 9.2
-0.32566 8.8
-0.32541 8.4
-0.32517 7.9
-0.32493 7.4
-0.32468 6.8
-0.32444 6.2
-0.32419 5.7
-0.32395 5.0
-0.32371 4.4
-0.32346 3.8
-0.32322 3.1
-0.32297 2.4
-0.32273 1.7
-0.32248 1.1
-0.32224 0.4
-0.322 -0.3
-0.32175 -1.0
-0.32151 -1.7
-0.32126 -2.4
-0.32102 -3.1
-0.32078 -3.7
-0.32053 -4.4
-0.32029 -5.0
-0.32004 -5.7
-0.3198 -6.3
-0.31956 -6.8
-0.31931 -7.4
-0.31907 -7.9
-0.31882 -8.4
-0.31858 -8.9
-0.31833 -9.3
-0.31809 -9.7
-0.31785 -10.1
-0.3176 -10.4
-0.31736 -10.7
-0.31711 -10.9
-0.31687 -11.2
-0.31663 -11.3
-0.31638 -11.5
-0.31614 -11.6
-0.31589 -11.6
-0.31565 -11.6
-0.3154 -11.6
-0.31516 -11.5
-0.31492 -11.4
-0.31467 -11.2
-0.31443 -11.0
-0.31418 -10.7
-0.31394 -10.4
-0.3137 -10.1
-0.31345 -9.8
-0.31321 -9.4
-0.31296 -8.9
-0.31272 -8.5
-0.31248 -8.0
-0.31223 -7.4
-0.31199 -6.9
-0.31174 -6.3
-0.3115 -5.7
-0.31125 -5.1
-0.31101 -4.4
-0.31077 -3.7
-0.31052 -3.1
-0.31028 -2.4
-0.31003 -1.7
-0.30979 -1.0
-0.30955 -0.3
-0.3093 0.4
-0.30906 1.2
-0.30881 1.9
-0.30857 2.6
-0.30832 3.3
-0.30808 3.9
-0.30784 4.6
-0.30759 5.2
-0.30735 5.9
-0.3071 6.5
-0.30686 7.1
-0.30662 7.6
-0.30637 8.1
-0.30613 8.6
-0.30588 9.1
-0.30564 9.5
-0.3054 9.9
-0.30515 10.3
-0.30491 10.6
-0.30466 10.9
-0.30442 11.1
-0.30417 11.3
-0.30393 11.5
-0.30369 11.6
-0.30344 11.7
-0.3032 11.7
-0.30295 11.7
-0.30271 11.6
-0.30247 11.5
-0.30222 11.4
-0.30198 11.2
-0.30173 10.9
-0.30149 10.7
-0.30124 10.3
-0.301 10.0
-0.30076 9.6
-0.30051 9.2
-0.30027 8.7
-0.30002 8.2
-0.29978 7.7
-0.29954 7.1
-0.29929 6.5
-0.29905 5.9
-0.2988 5.3
-0.29856 4.6
-0.29832 3.9
-0.29807 3.2
-0.29783 2.5
-0.29758 1.8
-0.29734 1.1
-0.29709 0.4
-0.29685 -0.4
-0.29661 -1.1
-0.29636 -1.8
-0.29612 -2.5
-0.29587 -3.2
-0.29563 -3.9
-0.29539 -4.6
-0.29514 -5.3
-0.2949 -5.9
-0.29465 -6.5
-0.29441 -7.1
-0.29416 -7.7
-0.29392 -8.2
-0.29368 -8.7
-0.29343 -9.2
-0.29319 -9.7
-0.29294 -10.1
-0.2927 -10.4
-0.29246 -10.8
-0.29221 -11.0
-0.29197 -11.3
-0.29172 -11.5
-0.29148 -11.6
-0.29123 -11.7
-0.29099 -11.8
-0.29075 -11.8
-0.2905 -11.8
-0.29026 -11.7
-0.29001 -11.6
-0.28977 -11.4
-0.28953 -11.2
-0.28928 -11.0
-0.28904 -10.7
-0.28879 -10.3
-0.28855 -9.9
-0.28831 -9.5
-0.28806 -9.1
-0.28782 -8.6
-0.28757 -8.1
-0.28733 -7.5
-0.28708 -6.9
-0.28684 -6.3
-0.2866 -5.7
-0.28635 -5.0
-0.28611 -4.3
-0.28586 -3.6
-0.28562 -2.9
-0.28538 -2.2
-0.28513 -1.4
-0.28489 -0.7
-0.28464 0.0
-0.2844 0.8
-0.28415 1.5
-0.28391 2.3
-0.28367 3.0
-0.28342 3.7
-0.28318 4.4
-0.28293 5.1
-0.28269 5.8
-0.28245 6.4
-0.2822 7.0
-0.28196 7.6
-0.28171 8.2
-0.28147 8.7
-0.28123 9.2
-0.28098 9.7
-0.28074 10.1
-0.28049 10.5
-0.28025 10.8
-0.28 11.1
-0.27976 11.4
-0.27952 11.6
-0.27927 11.7
-0.27903 11.8
-0.27878 11.9
-0.27854 11.9
-0.2783 11.9
-0.27805 11.8
-0.27781 11.7
-0.27756 11.5
-0.27732 11.3
-0.27707 11.1
-0.27683 10.8
-0.27659 10.4
-0.27634 10.0
-0.2761 9.6
-0.27585 9.1
-0.27561 8.6
-0.27537 8.1
-0.27512 7.5
-0.27488 6.9
-0.27463 6.2
-0.27439 5.6
-0.27415 4.9
-0.2739 4.2
-0.27366 3.5
-0.27341 2.7
-0.27317 2.0
-0.27292 1.2
-0.27268 0.5
-0.27244 -0.3
-0.27219 -1.1
-0.27195 -1.8
-0.2717 -2.6
-0.27146 -3.3
-0.27122 -4.0
-0.27097 -4.8
-0.27073 -5.4
-0.27048 -6.1
-0.27024 -6.8
-0.26999 -7.4
-0.26975 -8.0
-0.26951 -8.5
-0.26926 -9.1
-0.26902 -9.6
-0.26877 -10.0
-0.26853 -10.4
-0.26829 -10.8
-0.26804 -11.1
-0.2678 -11.4
-0.26755 -11.6
-0.26731 -11.8
-0.26707 -11.9
-0.26682 -12.0
-0.26658 -12.0
-0.26633 -12.0
-0.26609 -12.0
-0.26584 -11.9
-0.2656 -11.7
-0.26536 -11.5
-0.26511 -11.2
-0.26487 -10.9
-0.26462 -10.6
-0.26438 -10.2
-0.26414 -9.8
-0.26389 -9.3
-0.26365 -8.8
-0.2634 -8.2
-0.26316 -7.6
-0.26291 -7.0
-0.26267 -6.4
-0.26243 -5.7
-0.26218 -5.0
-0.26194 -4.3
-0.26169 -3.5
-0.26145 -2.8
-0.26121 -2.0
-0.26096 -1.2
-0.26072 -0.4
-0.26047 0.3
-0.26023 1.1
-0.25998 1.9
-0.25974 2.7
-0.2595 3.4
-0.25925 4.2
-0.25901 4.9
-0.25876 5.6
-0.25852 6.3
-0.25828 7.0
-0.25803 7.6
-0.25779 8.2
-0.25754 8.8
-0.2573 9.3
-0.25706 9.8
-0.25681 10.2
-0.25657 10.6
-0.25632 11.0
-0.25608 11.3
-0.25583 11.6
-0.25559 11.8
-0.25535 12.0
-0.2551 12.1
-0.25486 12.2
-0.25461 12.2
-0.25437 12.1
-0.25413 12.0
-0.25388 11.9
-0.25364 11.7
-0.25339 11.5
-0.25315 11.2
-0.2529 10.9
-0.25266 10.5
-0.25242 10.0
-0.25217 9.6
-0.25193 9.1
-0.25168 8.5
-0.25144 7.9
-0.2512 7.3
-0.25095 6.6
-0.25071 6.0
-0.25046 5.2
-0.25022 4.5
-0.24998 3.8
-0.24973 3.0
-0.24949 2.2
-0.24924 1.4
-0.249 0.6
-0.24875 -0.2
-0.24851 -1.0
-0.24827 -1.8
-0.24802 -2.6
-0.24778 -3.4
-0.24753 -4.1
-0.24729 -4.9
-0.24705 -5.6
-0.2468 -6.3
-0.24656 -7.0
-0.24631 -7.7
-0.24607 -8.3
-0.24582 -8.9
-0.24558 -9.4
-0.24534 -9.9
-0.24509 -10.4
-0.24485 -10.8
-0.2446 -11.1
-0.24436 -11.5
-0.24412 -11.7
-0.24387 -12.0
-0.24363 -12.1
-0.24338 -12.2
-0.24314 -12.3
-0.2429 -12.3
-0.24265 -12.2
-0.24241 -12.1
-0.24216 -12.0
-0.24192 -11.8
-0.24167 -11.5
-0.24143 -11.2
-0.24119 -10.9
-0.24094 -10.4
-0.2407 -10.0
-0.24045 -9.5
-0.24021 -9.0
-0.23997 -8.4
-0.23972 -7.8
-0.23948 -7.1
-0.23923 -6.4
-0.23899 -5.7
-0.23874 -5.0
-0.2385 -4.2
-0.23826 -3.4
-0.23801 -2.6
-0.23777 -1.8
-0.23752 -1.0
-0.23728 -0.2
-0.23704 0.7
-0.23679 1.5
-0.23655 2.3
-0.2363 3.1
-0.23606 3.9
-0.23582 4.7
-0.23557 5.4
-0.23533 6.2
-0.23508 6.9
-0.23484 7.6
-0.23459 8.2
-0.23435 8.8
-0.23411 9.4
-0.23386 9.9
-0.23362 10.4
-0.23337 10.8
-0.23313 11.2
-0.23289 11.5
-0.23264 11.8
-0.2324 12.1
-0.23215 12.2
-0.23191 12.4
-0.23166 12.4
-0.23142 12.4
-0.23118 12.4
-0.23093 12.3
-0.23069 12.1
-0.23044 11.9
-0.2302 11.6
-0.22996 11.3
-0.22971 10.9
-0.22947 10.5
-0.22922 10.0
-0.22898 9.5
-0.22873 9.0
-0.22849 8.4
-0.22825 7.7
-0.228 7.0
-0.22776 6.3
-0.22751 5.6
-0.22727 4.8
-0.22703 4.0
-0.22678 3.2
-0.22654 2.4
-0.22629 1.6
-0.22605 0.7
-0.22581 -0.1
-0.22556 -1.0
-0.22532 -1.8
-0.22507 -2.7
-0.22483 -3.5
-0.22458 -4.3
-0.22434 -5.1
-0.2241 -5.9
-0.22385 -6.6
-0.22361 -7.3
-0.22336 -8.0
-0.22312 -8.6
-0.22288 -9.2
-0.22263 -9.8
-0.22239 -10.3
-0.22214 -10.8
-0.2219 -11.2
-0.22165 -11.6
-0.22141 -11.9
-0.22117 -12.1
-0.22092 -12.3
-0.22068 -12.5
-0.22043 -12.5
-0.22019 -12.6
-0.21995 -12.5
-0.2197 -12.4
-0.21946 -12.3
-0.21921 -12.1
-0.21897 -11.8
-0.21873 -11.5
-0.21848 -11.1
-0.21824 -10.7
-0.21799 -10.2
-0.21775 -9.7
-0.2175 -9.1
-0.21726 -8.5
-0.21702 -7.8
-0.21677 -7.1
-0.21653 -6.4
-0.21628 -5.7
-0.21604 -4.9
-0.2158 -4.0
-0.21555 -3.2
-0.21531 -2.4
-0.21506 -1.5
-0.21482 -0.6
-0.21457 0.2
-0.21433 1.1
-0.21409 2.0
-0.21384 2.8
-0.2136 3.7
-0.21335 4.5
-0.21311 5.3
-0.21287 6.1
-0.21262 6.9
-0.21238 7.6
-0.21213 8.3
-0.21189 8.9
-0.21165 9.5
-0.2114 10.1
-0.21116 10.6
-0.21091 11.1
-0.21067 11.5
-0.21042 11.8
-0.21018 12.1
-0.20994 12.4
-0.20969 12.5
-0.20945 12.7
-0.2092 12.7
-0.20896 12.7
-0.20872 12.6
-0.20847 12.5
-0.20823 12.3
-0.20798 12.1
-0.20774 11.8
-0.20749 11.4
-0.20725 11.0
-0.20701 10.5
-0.20676 10.0
-0.20652 9.4
-0.20627 8.8
-0.20603 8.1
-0.20579 7.4
-0.20554 6.7
-0.2053 5.9
-0.20505 5.1
-0.20481 4.2
-0.20457 3.4
-0.20432 2.5
-0.20408 1.6
-0.20383 0.7
-0.20359 -0.2
-0.20334 -1.1
-0.2031 -2.0
-0.20286 -2.9
-0.20261 -3.7
-0.20237 -4.6
-0.20212 -5.4
-0.20188 -6.2
-0.20164 -7.0
-0.20139 -7.7
-0.20115 -8.4
-0.2009 -9.1
-0.20066 -9.7
-0.20041 -10.3
-0.20017 -10.8
-0.19993 -11.3
-0.19968 -11.7
-0.19944 -12.0
-0.19919 -12.3
-0.19895 -12.6
-0.19871 -12.7
-0.19846 -12.8
-0.19822 -12.9
-0.19797 -12.8
-0.19773 -12.8
-0.19748 -12.6
-0.19724 -12.4
-0.197 -12.1
-0.19675 -11.8
-0.19651 -11.4
-0.19626 -10.9
-0.19602 -10.4
-0.19578 -9.8
-0.19553 -9.2
-0.19529 -8.5
-0.19504 -7.8
-0.1948 -7.1
-0.19456 -6.3
-0.19431 -5.4
-0.19407 -4.6
-0.19382 -3.7
-0.19358 -2.8
-0.19333 -1.9
-0.19309 -1.0
-0.19285 0.0
-0.1926 0.9
-0.19236 1.8
-0.19211 2.7
-0.19187 3.6
-0.19163 4.5
-0.19138 5.3
-0.19114 6.2
-0.19089 7.0
-0.19065 7.8
-0.1904 8.5
-0.19016 9.2
-0.18992 9.8
-0.18967 10.4
-0.18943 10.9
-0.18918 11.4
-0.18894 11.8
-0.1887 12.2
-0.18845 12.5
-0.18821 12.7
-0.18796 12.9
-0.18772 13.0
-0.18748 13.0
-0.18723 13.0
-0.18699 12.9
-0.18674 12.7
-0.1865 12.5
-0.18625 12.2
-0.18601 11.8
-0.18577 11.4
-0.18552 10.9
-0.18528 10.3
-0.18503 9.7
-0.18479 9.1
-0.18455 8.4
-0.1843 7.6
-0.18406 6.8
-0.18381 6.0
-0.18357 5.1
-0.18332 4.2
-0.18308 3.3
-0.18284 2.4
-0.18259 1.5
-0.18235 0.5
-0.1821 -0.5
-0.18186 -1.4
-0.18162 -2.4
-0.18137 -3.3
-0.18113 -4.2
-0.18088 -5.1
-0.18064 -6.0
-0.1804 -6.8
-0.18015 -7.6
-0.17991 -8.4
-0.17966 -9.1
-0.17942 -9.8
-0.17917 -10.4
-0.17893 -11.0
-0.17869 -11.5
-0.17844 -11.9
-0.1782 -12.3
-0.17795 -12.6
-0.17771 -12.9
-0.17747 -13.1
-0.17722 -13.2
-0.17698 -13.2
-0.17673 -13.2
-0.17649 -13.1
-0.17624 -12.9
-0.176 -12.6
-0.17576 -12.3
-0.17551 -11.9
-0.17527 -11.5
-0.17502 -11.0
-0.17478 -10.4
-0.17454 -9.7
-0.17429 -9.1
-0.17405 -8.3
-0.1738 -7.5
-0.17356 -6.7
-0.17332 -5.8
-0.17307 -4.9
-0.17283 -4.0
-0.17258 -3.1
-0.17234 -2.1
-0.17209 -1.1
-0.17185 -0.1
-0.17161 0.9
-0.17136 1.8
-0.17112 2.8
-0.17087 3.8
-0.17063 4.7
-0.17039 5.6
-0.17014 6.5
-0.1699 7.4
-0.16965 8.2
-0.16941 8.9
-0.16916 9.7
-0.16892 10.3
-0.16868 10.9
-0.16843 11.5
-0.16819 12.0
-0.16794 12.4
-0.1677 12.7
-0.16746 13.0
-0.16721 13.2
-0.16697 13.3
-0.16672 13.4
-0.16648 13.4
-0.16623 13.3
-0.16599 13.1
-0.16575 12.8
-0.1655 12.5
-0.16526 12.1
-0.16501 11.6
-0.16477 11.1
-0.16453 10.5
-0.16428 9.9
-0.16404 9.2
-0.16379 8.4
-0.16355 7.6
-0.16331 6.7
-0.16306 5.8
-0.16282 4.9
-0.16257 3.9
-0.16233 2.9
-0.16208 1.9
-0.16184 0.9
-0.1616 -0.1
-0.16135 -1.1
-0.16111 -2.1
-0.16086 -3.2
-0.16062 -4.1
-0.16038 -5.1
-0.16013 -6.0
-0.15989 -6.9
-0.15964 -7.8
-0.1594 -8.6
-0.15915 -9.4
-0.15891 -10.1
-0.15867 -10.8
-0.15842 -11.4
-0.15818 -11.9
-0.15793 -12.4
-0.15769 -12.8
-0.15745 -13.1
-0.1572 -13.3
-0.15696 -13.5
-0.15671 -13.6
-0.15647 -13.6
-0.15623 -13.5
-0.15598 -13.3
-0.15574 -13.1
-0.15549 -12.8
-0.15525 -12.4
-0.155 -11.9
-0.15476 -11.4
-0.15452 -10.8
-0.15427 -10.1
-0.15403 -9.4
-0.15378 -8.6
-0.15354 -7.7
-0.1533 -6.8
-0.15305 -5.9
-0.15281 -5.0
-0.15256 -4.0
-0.15232 -2.9
-0.15207 -1.9
-0.15183 -0.8
-0.15159 0.2
-0.15134 1.3
-0.1511 2.3
-0.15085 3.4
-0.15061 4.4
-0.15037 5.4
-0.15012 6.4
-0.14988 7.3
-0.14963 8.2
-0.14939 9.0
-0.14915 9.8
-0.1489 10.5
-0.14866 11.2
-0.14841 11.8
-0.14817 12.3
-0.14792 12.7
-0.14768 13.1
-0.14744 13.4
-0.14719 13.6
-0.14695 13.7
-0.1467 13.8
-0.14646 13.7
-0.14622 13.6
-0.14597 13.4
-0.14573 13.1
-0.14548 12.7
-0.14524 12.2
-0.14499 11.7
-0.14475 11.1
-0.14451 10.4
-0.14426 9.7
-0.14402 8.9
-0.14377 8.0
-0.14353 7.1
-0.14329 6.1
-0.14304 5.1
-0.1428 4.1
-0.14255 3.0
-0.14231 2.0
-0.14207 0.9
-0.14182 -0.2
-0.14158 -1.3
-0.14133 -2.4
-0.14109 -3.5
-0.14084 -4.6
-0.1406 -5.6
-0.14036 -6.6
-0.14011 -7.5
-0.13987 -8.4
-0.13962 -9.3
-0.13938 -10.1
-0.13914 -10.8
-0.13889 -11.5
-0.13865 -12.1
-0.1384 -12.6
-0.13816 -13.1
-0.13791 -13.4
-0.13767 -13.7
-0.13743 -13.9
-0.13718 -14.0
-0.13694 -14.0
-0.13669 -13.9
-0.13645 -13.7
-0.13621 -13.4
-0.13596 -13.1
-0.13572 -12.6
-0.13547 -12.1
-0.13523 -11.5
-0.13498 -10.8
-0.13474 -10.1
-0.1345 -9.3
-0.13425 -8.4
-0.13401 -7.5
-0.13376 -6.5
-0.13352 -5.4
-0.13328 -4.4
-0.13303 -3.3
-0.13279 -2.2
-0.13254 -1.0
-0.1323 0.1
-0.13206 1.3
-0.13181 2.4
-0.13157 3.5
-0.13132 4.6
-0.13108 5.7
-0.13083 6.7
-0.13059 7.7
-0.13035 8.7
-0.1301 9.5
-0.12986 10.4
-0.12961 11.1
-0.12937 11.8
-0.12913 12.4
-0.12888 12.9
-0.12864 13.4
-0.12839 13.7
-0.12815 14.0
-0.1279 14.1
-0.12766 14.2
-0.12742 14.2
-0.12717 14.0
-0.12693 13.8
-0.12668 13.5
-0.12644 13.1
-0.1262 12.6
-0.12595 12.0
-0.12571 11.3
-0.12546 10.6
-0.12522 9.8
-0.12498 8.9
-0.12473 7.9
-0.12449 6.9
-0.12424 5.9
-0.124 4.8
-0.12375 3.6
-0.12351 2.5
-0.12327 1.3
-0.12302 0.0
-0.12278 -1.1
-0.12253 -2.3
-0.12229 -3.5
-0.12205 -4.6
-0.1218 -5.7
-0.12156 -6.8
-0.12131 -7.8
-0.12107 -8.8
-0.12082 -9.7
-0.12058 -10.6
-0.12034 -11.4
-0.12009 -12.1
-0.11985 -12.7
-0.1196 -13.2
-0.11936 -13.7
-0.11912 -14.0
-0.11887 -14.2
-0.11863 -14.4
-0.11838 -14.4
-0.11814 -14.4
-0.1179 -14.2
-0.11765 -13.9
-0.11741 -13.6
-0.11716 -13.1
-0.11692 -12.5
-0.11667 -11.9
-0.11643 -11.1
-0.11619 -10.3
-0.11594 -9.4
-0.1157 -8.5
-0.11545 -7.4
-0.11521 -6.4
-0.11497 -5.2
-0.11472 -4.1
-0.11448 -2.8
-0.11423 -1.6
-0.11399 -0.4
-0.11374 0.9
-0.1135 2.1
-0.11326 3.3
-0.11301 4.5
-0.11277 5.7
-0.11252 6.8
-0.11228 7.9
-0.11204 8.9
-0.11179 9.9
-0.11155 10.8
-0.1113 11.6
-0.11106 12.3
-0.11082 13.0
-0.11057 13.5
-0.11033 14.0
-0.11008 14.3
-0.10984 14.5
-0.10959 14.7
-0.10935 14.7
-0.10911 14.6
-0.10886 14.4
-0.10862 14.1
-0.10837 13.6
-0.10813 13.1
-0.10789 12.5
-0.10764 11.8
-0.1074 11.0
-0.10715 10.1
-0.10691 9.1
-0.10666 8.0
-0.10642 6.9
-0.10618 5.8
-0.10593 4.6
-0.10569 3.3
-0.10544 2.0
-0.1052 0.7
-0.10496 -0.6
-0.10471 -1.9
-0.10447 -3.1
-0.10422 -4.4
-0.10398 -5.6
-0.10373 -6.8
-0.10349 -8.0
-0.10325 -9.1
-0.103 -10.1
-0.10276 -11.0
-0.10251 -11.9
-0.10227 -12.6
-0.10203 -13.3
-0.10178 -13.8
-0.10154 -14.3
-0.10129 -14.6
-0.10105 -14.8
-0.10081 -14.9
-0.10056 -14.9
-0.10032 -14.8
-0.10007 -14.6
-0.09983 -14.2
-0.09958 -13.7
-0.09934 -13.1
-0.0991 -12.4
-0.09885 -11.6
-0.09861 -10.7
-0.09836 -9.8
-0.09812 -8.7
-0.09788 -7.6
-0.09763 -6.4
-0.09739 -5.1
-0.09714 -3.8
-0.0969 -2.5
-0.09665 -1.1
-0.09641 0.2
-0.09617 1.6
-0.09592 2.9
-0.09568 4.3
-0.09543 5.6
-0.09519 6.8
-0.09495 8.0
-0.0947 9.2
-0.09446 10.2
-0.09421 11.2
-0.09397 12.1
-0.09373 12.9
-0.09348 13.6
-0.09324 14.2
-0.09299 14.6
-0.09275 15.0
-0.0925 15.2
-0.09226 15.3
-0.09202 15.2
-0.09177 15.0
-0.09153 14.7
-0.09128 14.3
-0.09104 13.8
-0.0908 13.1
-0.09055 12.3
-0.09031 11.4
-0.09006 10.5
-0.08982 9.4
-0.08957 8.2
-0.08933 7.0
-0.08909 5.7
-0.08884 4.3
-0.0886 3.0
-0.08835 1.5
-0.08811 0.1
-0.08787 -1.3
-0.08762 -2.7
-0.08738 -4.2
-0.08713 -5.5
-0.08689 -6.9
-0.08665 -8.1
-0.0864 -9.3
-0.08616 -10.5
-0.08591 -11.5
-0.08567 -12.4
-0.08542 -13.2
-0.08518 -14.0
-0.08494 -14.5
-0.08469 -15.0
-0.08445 -15.3
-0.0842 -15.5
-0.08396 -15.6
-0.08372 -15.5
-0.08347 -15.3
-0.08323 -14.9
-0.08298 -14.4
-0.08274 -13.8
-0.08249 -13.0
-0.08225 -12.1
-0.08201 -11.1
-0.08176 -10.1
-0.08152 -8.9
-0.08127 -7.6
-0.08103 -6.3
-0.08079 -4.8
-0.08054 -3.4
-0.0803 -1.9
-0.08005 -0.4
-0.07981 1.1
-0.07957 2.6
-0.07932 4.1
-0.07908 5.6
-0.07883 7.0
-0.07859 8.3
-0.07834 9.6
-0.0781 10.8
-0.07786 11.8
-0.07761 12.8
-0.07737 13.7
-0.07712 14.4
-0.07688 15.0
-0.07664 15.4
-0.07639 15.7
-0.07615 15.9
-0.0759 15.9
-0.07566 15.8
-0.07541 15.5
-0.07517 15.0
-0.07493 14.4
-0.07468 13.7
-0.07444 12.8
-0.07419 11.8
-0.07395 10.7
-0.07371 9.5
-0.07346 8.1
-0.07322 6.7
-0.07297 5.3
-0.07273 3.7
-0.07248 2.2
-0.07224 0.6
-0.072 -1.0
-0.07175 -2.6
-0.07151 -4.2
-0.07126 -5.7
-0.07102 -7.2
-0.07078 -8.6
-0.07053 -10.0
-0.07029 -11.2
-0.07004 -12.3
-0.0698 -13.4
-0.06956 -14.2
-0.06931 -15.0
-0.06907 -15.5
-0.06882 -16.0
-0.06858 -16.2
-0.06833 -16.3
-0.06809 -16.2
-0.06785 -16.0
-0.0676 -15.6
-0.06736 -15.0
-0.06711 -14.3
-0.06687 -13.4
-0.06663 -12.4
-0.06638 -11.2
-0.06614 -10.0
-0.06589 -8.6
-0.06565 -7.1
-0.0654 -5.5
-0.06516 -3.9
-0.06492 -2.3
-0.06467 -0.6
-0.06443 1.2
-0.06418 2.9
-0.06394 4.5
-0.0637 6.2
-0.06345 7.7
-0.06321 9.2
-0.06296 10.6
-0.06272 11.9
-0.06248 13.1
-0.06223 14.1
-0.06199 14.9
-0.06174 15.6
-0.0615 16.2
-0.06125 16.5
-0.06101 16.7
-0.06077 16.7
-0.06052 16.5
-0.06028 16.1
-0.06003 15.6
-0.05979 14.8
-0.05955 13.9
-0.0593 12.9
-0.05906 11.6
-0.05881 10.3
-0.05857 8.8
-0.05832 7.2
-0.05808 5.6
-0.05784 3.8
-0.05759 2.0
-0.05735 0.2
-0.0571 -1.6
-0.05686 -3.4
-0.05662 -5.2
-0.05637 -6.9
-0.05613 -8.6
-0.05588 -10.1
-0.05564 -11.6
-0.0554 -12.9
-0.05515 -14.0
-0.05491 -15.0
-0.05466 -15.9
-0.05442 -16.5
-0.05417 -16.9
-0.05393 -17.2
-0.05369 -17.2
-0.05344 -17.0
-0.0532 -16.6
-0.05295 -16.0
-0.05271 -15.3
-0.05247 -14.3
-0.05222 -13.1
-0.05198 -11.8
-0.05173 -10.3
-0.05149 -8.7
-0.05124 -7.0
-0.051 -5.2
-0.05076 -3.3
-0.05051 -1.3
-0.05027 0.6
-0.05002 2.6
-0.04978 4.5
-0.04954 6.4
-0.04929 8.2
-0.04905 9.9
-0.0488 11.5
-0.04856 13.0
-0.04832 14.3
-0.04807 15.4
-0.04783 16.3
-0.04758 17.0
-0.04734 17.5
-0.04709 17.7
-0.04685 17.7
-0.04661 17.5
-0.04636 17.1
-0.04612 16.4
-0.04587 15.5
-0.04563 14.4
-0.04539 13.0
-0.04514 11.5
-0.0449 9.9
-0.04465 8.1
-0.04441 6.2
-0.04416 4.1
-0.04392 2.1
-0.04368 0.0
-0.04343 -2.2
-0.04319 -4.3
-0.04294 -6.4
-0.0427 -8.3
-0.04246 -10.2
-0.04221 -11.9
-0.04197 -13.5
-0.04172 -14.9
-0.04148 -16.1
-0.04123 -17.0
-0.04099 -17.7
-0.04075 -18.2
-0.0405 -18.4
-0.04026 -18.3
-0.04001 -17.9
-0.03977 -17.3
-0.03953 -16.4
-0.03928 -15.3
-0.03904 -13.9
-0.03879 -12.4
-0.03855 -10.6
-0.03831 -8.7
-0.03806 -6.6
-0.03782 -4.4
-0.03757 -2.1
-0.03733 0.2
-0.03708 2.5
-0.03684 4.8
-0.0366 7.1
-0.03635 9.2
-0.03611 11.2
-0.03586 13.1
-0.03562 14.7
-0.03538 16.1
-0.03513 17.3
-0.03489 18.2
-0.03464 18.8
-0.0344 19.0
-0.03415 19.0
-0.03391 18.7
-0.03367 18.1
-0.03342 17.1
-0.03318 15.9
-0.03293 14.3
-0.03269 12.6
-0.03245 10.6
-0.0322 8.4
-0.03196 6.1
-0.03171 3.6
-0.03147 1.1
-0.03123 -1.5
-0.03098 -4.1
-0.03074 -6.6
-0.03049 -9.0
-0.03025 -11.3
-0.03 -13.3
-0.02976 -15.2
-0.02952 -16.8
-0.02927 -18.1
-0.02903 -19.0
-0.02878 -19.6
-0.02854 -19.9
-0.0283 -19.8
-0.02805 -19.3
-0.02781 -18.5
-0.02756 -17.3
-0.02732 -15.7
-0.02707 -13.9
-0.02683 -11.7
-0.02659 -9.3
-0.02634 -6.7
-0.0261 -4.0
-0.02585 -1.1
-0.02561 1.7
-0.02537 4.6
-0.02512 7.4
-0.02488 10.1
-0.02463 12.6
-0.02439 14.8
-0.02415 16.8
-0.0239 18.4
-0.02366 19.6
-0.02341 20.5
-0.02317 20.9
-0.02292 20.8
-0.02268 20.3
-0.02244 19.4
-0.02219 18.0
-0.02195 16.2
-0.0217 14.0
-0.02146 11.5
-0.02122 8.7
-0.02097 5.6
-0.02073 2.5
-0.02048 -0.8
-0.02024 -4.1
-0.01999 -7.4
-0.01975 -10.5
-0.01951 -13.3
-0.01926 -15.9
-0.01902 -18.1
-0.01877 -19.9
-0.01853 -21.2
-0.01829 -21.9
-0.01804 -22.2
-0.0178 -21.8
-0.01755 -20.9
-0.01731 -19.4
-0.01707 -17.4
-0.01682 -14.9
-0.01658 -11.9
-0.01633 -8.6
-0.01609 -5.0
-0.01584 -1.2
-0.0156 2.6
-0.01536 6.5
-0.01511 10.2
-0.01487 13.6
-0.01462 16.7
-0.01438 19.4
-0.01414 21.4
-0.01389 22.9
-0.01365 23.7
-0.0134 23.7
-0.01316 22.9
-0.01291 21.4
-0.01267 19.2
-0.01243 16.3
-0.01218 12.8
-0.01194 8.8
-0.01169 4.4
-0.01145 -0.2
-0.01121 -4.9
-0.01096 -9.5
-0.01072 -13.8
-0.01047 -17.7
-0.01023 -21.0
-0.00998 -23.5
-0.00974 -25.2
-0.0095 -25.8
-0.00925 -25.4
-0.00901 -24.0
-0.00876 -21.4
-0.00852 -17.9
-0.00828 -13.4
-0.00803 -8.3
-0.00779 -2.6
-0.00754 3.3
-0.0073 9.2
-0.00706 14.9
-0.00681 19.9
-0.00657 24.0
-0.00632 27.0
-0.00608 28.5
-0.00583 28.4
-0.00559 26.7
-0.00535 23.3
-0.0051 18.3
-0.00486 12.0
-0.00461 4.6
-0.00437 -3.4
-0.00413 -11.4
-0.00388 -19.0
-0.00364 -25.4
-0.00339 -30.0
-0.00315 -32.3
-0.0029 -31.9
-0.00266 -28.5
-0.00242 -22.1
-0.00217 -13.1
-0.00193 -2.2
-0.00168 9.7
-0.00144 21.0
-0.0012 30.4
-0.00095 36.0
-0.00071 36.6
-0.00046 31.0
-0.00022 19.2
2e-05 2.8
0.00027 -15.1
0.00051 -29.7
0.00076 -36.5
0.001 -32.6
0.00125 -18.7
0.00149 0.4
0.00173 17.8
0.00198 27.1
0.00222 25.3
0.00247 14.3
0.00271 -0.6
0.00295 -12.7
0.0032 -17.7
0.00344 -14.5
0.00369 -5.9
0.00393 3.4
0.00418 9.4
0.00442 10.2
0.00466 6.4
0.00491 0.6
0.00515 -4.2
0.0054 -6.2
0.00564 -5.0
0.00588 -1.9
0.00613 1.5
0.00637 3.4
0.00662 3.5
0.00686 1.9
0.0071 -0.1
0.00735 -1.7
0.00759 -2.2
0.00784 -1.6
0.00808 -0.4
0.00833 0.7
0.00857 1.3
0.00881 1.2
0.00906 0.5
0.0093 -0.2
0.00955 -0.7
0.00979 -0.8
0.01003 -0.5
0.01028 0.0
0.01052 0.3
0.01077 0.5
0.01101 0.4
0.01126 0.1
0.0115 -0.1
0.01174 -0.3
0.01199 -0.3
0.01223 -0.1
0.01248 0.0
0.01272 0.1
0.01296 0.2
0.01321 0.1
0.01345 0.0
0.0137 0.0
0.01394 -0.1
0.01418 0.0
0.01443 0.0
0.01467 0.0
0.01492 0.0
0.01516 0.0
0.01541 0.0
0.01565 0.0
0.01589 0.0
0.01614 0.0
0.01638 0.0
0.01663 0.0
0.01687 0.0
0.01711 0.0
0.01736 0.0
0.0176 0.0
0.01785 0.0
0.01809 0.0
0.01834 0.0
0.01858 0.0
0.01882 0.0
0.01907 0.0
0.01931 0.0
0.01956 0.0
0.0198 0.0
0.02004 0.0
0.02029 0.0
0.02053 0.0
0.02078 0.0
0.02102 0.0
0.02127 0.0
0.02151 0.0
0.02175 0.0
0.022 0.0
0.02224 0.0
0.02249 0.0
0.02273 0.0
0.02297 0.0
0.02322 0.0
0.02346 0.0
0.02371 0.0
0.02395 0.0
0.02419 0.0
0.02444 0.0
0.02468 0.0
0.02493 0.0
0.02517 0.0
0.02542 0.0
0.02566 0.0
0.0259 0.0
0.02615 0.0
0.02639 0.0
0.02664 0.0
0.02688 0.0
0.02712 0.0
0.02737 0.0
0.02761 0.0
0.02786 0.0
0.0281 0.0
0.02835 0.0
0.02859 0.0
0.02883 0.0
0.02908 0.0
0.02932 0.0
0.02957 0.0
0.02981 0.0
0.03005 0.0
0.0303 0.0
0.03054 0.0
0.03079 0.0
0.03103 0.0
0.03127 0.0
0.03152 0.0
0.03176 0.0
0.03201 0.0
0.03225 0.0
0.0325 0.0
0.03274 0.0
0.03298 0.0
0.03323 0.0
0.03347 0.0
0.03372 0.0
0.03396 0.0
0.0342 0.0
0.03445 0.0
0.03469 0.0
0.03494 0.0
0.03518 0.0
0.03543 0.0
0.03567 0.0
0.03591 0.0
0.03616 0.0
0.0364 0.0
0.03665 0.0
0.03689 0.0
0.03713 0.0
0.03738 0.0
0.03762 0.0
0.03787 0.0
0.03811 0.0
0.03835 0.0
0.0386 0.0
0.03884 0.0
0.03909 0.0
0.03933 0.0
0.03958 0.0
0.03982 0.0
0.04006 0.0
0.04031 0.0
0.04055 0.0
0.0408 0.0
0.04104 0.0
0.04128 0.0
0.04153 0.0
0.04177 0.0
0.04202 0.0
0.04226 0.0
0.04251 0.0
0.04275 0.0
0.04299 0.0
0.04324 0.0
0.04348 0.0
0.04373 0.0
0.04397 0.0
0.04421 0.0
0.04446 0.0
0.0447 0.0
0.04495 0.0
0.04519 0.0
0.04543 0.0
0.04568 0.0
0.04592 0.0
0.04617 0.0
0.04641 0.0
0.04666 0.0
0.0469 0.0
0.04714 0.0
0.04739 0.0
0.04763 0.0
0.04788 0.0
0.04812 0.0
0.04836 0.0
0.04861 0.0
0.04885 0.0
0.0491 0.0
0.04934 0.0
0.04959 0.0
0.04983 0.0
0.05007 0.0
0.05032 0.0
0.05056 0.0
0.05081 0.0
0.05105 0.0
0.05129 0.0
0.05154 0.0
0.05178 0.0
0.05203 0.0
0.05227 0.0
0.05252 0.0
0.05276 0.0
0.053 0.0
0.05325 0.0
0.05349 0.0
0.05374 0.0
0.05398 0.0
0.05422 0.0
0.05447 0.0
0.05471 0.0
0.05496 0.0
0.0552 0.0
0.05544 0.0
0.05569 0.0
0.05593 0.0
0.05618 0.0
0.05642 0.0
0.05667 0.0
0.05691 0.0
0.05715 0.0
0.0574 0.0
0.05764 0.0
0.05789 0.0
0.05813 0.0
0.05837 0.0
0.05862 0.0
0.05886 0.0
0.05911 0.0
0.05935 0.0
0.0596 0.0
0.05984 0.0
0.06008 0.0
0.06033 0.0
0.06057 0.0
0.06082 0.0
0.06106 0.0
0.0613 0.0
0.06155 0.0
0.06179 0.0
0.06204 0.0
0.06228 0.0
0.06252 0.0
0.06277 0.0
0.06301 0.0
0.06326 0.0
0.0635 0.0
0.06375 0.0
0.06399 0.0
0.06423 0.0
0.06448 0.0
0.06472 0.0
0.06497 0.0
0.06521 0.0
0.06545 0.0
0.0657 0.0
0.06594 0.0
0.06619 0.0
0.06643 0.0
0.06668 0.0
0.06692 0.0
0.06716 0.0
0.06741 0.0
0.06765 0.0
0.0679 0.0
0.06814 0.0
0.06838 0.0
0.06863 0.0
0.06887 0.0
0.06912 0.0
0.06936 0.0
0.0696 0.0
0.06985 0.0
0.07009 0.0
0.07034 0.0
0.07058 0.0
0.07083 0.0
0.07107 0.0
0.07131 0.0
0.07156 0.0
0.0718 0.0
0.07205 0.0
0.07229 0.0
0.07253 0.0
0.07278 0.0
0.07302 0.0
0.07327 0.0
0.07351 0.0
0.07376 0.0
0.074 0.0
0.07424 0.0
0.07449 0.0
0.07473 0.0
0.07498 0.0
0.07522 0.0
0.07546 0.0
0.07571 0.0
0.07595 0.0
0.0762 0.0
0.07644 0.0
0.07668 0.0
0.07693 0.0
0.07717 0.0
0.07742 0.0
0.07766 0.0
0.07791 0.0
0.07815 0.0
0.07839 0.0
0.07864 0.0
0.07888 0.0
0.07913 0.0
0.07937 0.0
0.07961 0.0
0.07986 0.0
0.0801 0.0
0.08035 0.0
0.08059 0.0
0.08084 0.0
0.08108 0.0
0.08132 0.0
0.08157 0.0
0.08181 0.0
0.08206 0.0
0.0823 0.0
0.08254 0.0
0.08279 0.0
0.08303 0.0
0.08328 0.0
0.08352 0.0
0.08377 0.0
0.08401 0.0
0.08425 0.0
0.0845 0.0
