t strain*1e23
-0.45852 17.9
-0.45827 17.9
-0.45803 17.8
-0.45778 17.7
-0.45754 17.6
-0.45729 17.4
-0.45705 17.2
-0.45681 17.0
-0.45656 16.7
-0.45632 16.5
-0.45607 16.1
-0.45583 15.8
-0.45559 15.4
-0.45534 15.0
-0.4551 14.6
-0.45485 14.1
-0.45461 13.6
-0.45436 13.1
-0.45412 12.6
-0.45388 12.0
-0.45363 11.4
-0.45339 10.8
-0.45314 10.2
-0.4529 9.5
-0.45266 8.9
-0.45241 8.2
-0.45217 7.5
-0.45192 6.8
-0.45168 6.1
-0.45144 5.4
-0.45119 4.6
-0.45095 3.9
-0.4507 3.1
-0.45046 2.3
-0.45021 1.6
-0.44997 0.8
-0.44973 0.0
-0.44948 -0.8
-0.44924 -1.5
-0.44899 -2.3
-0.44875 -3.1
-0.44851 -3.8
-0.44826 -4.6
-0.44802 -5.3
-0.44777 -6.1
-0.44753 -6.8
-0.44728 -7.5
-0.44704 -8.2
-0.4468 -8.9
-0.44655 -9.6
-0.44631 -10.2
-0.44606 -10.9
-0.44582 -11.5
-0.44558 -12.1
-0.44533 -12.6
-0.44509 -13.2
-0.44484 -13.7
-0.4446 -14.2
-0.44436 -14.7
-0.44411 -15.1
-0.44387 -15.5
-0.44362 -15.9
-0.44338 -16.3
-0.44313 -16.6
-0.44289 -16.9
-0.44265 -17.2
-0.4424 -17.4
-0.44216 -17.6
-0.44191 -17.8
-0.44167 -17.9
-0.44143 -18.0
-0.44118 -18.1
-0.44094 -18.1
-0.44069 -18.1
-0.44045 -18.0
-0.4402 -18.0
-0.43996 -17.9
-0.43972 -17.7
-0.43947 -17.6
-0.43923 -17.4
-0.43898 -17.1
-0.43874 -16.9
-0.4385 -16.6
-0.43825 -16.2
-0.43801 -15.9
-0.43776 -15.5
-0.43752 -15.1
-0.43727 -14.6
-0.43703 -14.1
-0.43679 -13.6
-0.43654 -13.1
-0.4363 -12.5
-0.43605 -11.9
-0.43581 -11.3
-0.43557 -10.7
-0.43532 -10.1
-0.43508 -9.4
-0.43483 -8.7
-0.43459 -8.0
-0.43435 -7.3
-0.4341 -6.6
-0.43386 -5.8
-0.43361 -5.1
-0.43337 -4.3
-0.43312 -3.6
-0.43288 -2.8
-0.43264 -2.0
-0.43239 -1.2
-0.43215 -0.4
-0.4319 0.4
-0.43166 1.2
-0.43142 2.0
-0.43117 2.8
-0.43093 3.5
-0.43068 4.3
-0.43044 5.1
-0.43019 5.8
-0.42995 6.6
-0.42971 7.3
-0.42946 8.1
-0.42922 8.8
-0.42897 9.4
-0.42873 10.1
-0.42849 10.8
-0.42824 11.4
-0.428 12.0
-0.42775 12.6
-0.42751 13.2
-0.42727 13.7
-0.42702 14.2
-0.42678 14.7
-0.42653 15.2
-0.42629 15.6
-0.42604 16.0
-0.4258 16.4
-0.42556 16.7
-0.42531 17.0
-0.42507 17.3
-0.42482 17.5
-0.42458 17.7
-0.42434 17.9
-0.42409 18.0
-0.42385 18.2
-0.4236 18.2
-0.42336 18.3
-0.42311 18.3
-0.42287 18.2
-0.42263 18.1
-0.42238 18.0
-0.42214 17.9
-0.42189 17.7
-0.42165 17.5
-0.42141 17.3
-0.42116 17.0
-0.42092 16.7
-0.42067 16.3
-0.42043 15.9
-0.42019 15.5
-0.41994 15.1
-0.4197 14.6
-0.41945 14.1
-0.41921 13.6
-0.41896 13.1
-0.41872 12.5
-0.41848 11.9
-0.41823 11.3
-0.41799 10.6
-0.41774 9.9
-0.4175 9.3
-0.41726 8.6
-0.41701 7.8
-0.41677 7.1
-0.41652 6.3
-0.41628 5.6
-0.41603 4.8
-0.41579 4.0
-0.41555 3.2
-0.4153 2.4
-0.41506 1.6
-0.41481 0.8
-0.41457 0.0
-0.41433 -0.8
-0.41408 -1.6
-0.41384 -2.4
-0.41359 -3.2
-0.41335 -4.0
-0.41311 -4.8
-0.41286 -5.6
-0.41262 -6.4
-0.41237 -7.1
-0.41213 -7.9
-0.41188 -8.6
-0.41164 -9.3
-0.4114 -10.0
-0.41115 -10.7
-0.41091 -11.3
-0.41066 -12.0
-0.41042 -12.6
-0.41018 -13.2
-0.40993 -13.7
-0.40969 -14.3
-0.40944 -14.8
-0.4092 -15.2
-0.40895 -15.7
-0.40871 -16.1
-0.40847 -16.5
-0.40822 -16.8
-0.40798 -17.1
-0.40773 -17.4
-0.40749 -17.7
-0.40725 -17.9
-0.407 -18.1
-0.40676 -18.2
-0.40651 -18.3
-0.40627 -18.4
-0.40602 -18.4
-0.40578 -18.4
-0.40554 -18.4
-0.40529 -18.3
-0.40505 -18.2
-0.4048 -18.0
-0.40456 -17.9
-0.40432 -17.6
-0.40407 -17.4
-0.40383 -17.1
-0.40358 -16.8
-0.40334 -16.4
-0.4031 -16.0
-0.40285 -15.6
-0.40261 -15.1
-0.40236 -14.7
-0.40212 -14.1
-0.40187 -13.6
-0.40163 -13.0
-0.40139 -12.4
-0.40114 -11.8
-0.4009 -11.2
-0.40065 -10.5
-0.40041 -9.8
-0.40017 -9.1
-0.39992 -8.4
-0.39968 -7.6
-0.39943 -6.9
-0.39919 -6.1
-0.39894 -5.3
-0.3987 -4.5
-0.39846 -3.7
-0.39821 -2.9
-0.39797 -2.0
-0.39772 -1.2
-0.39748 -0.4
-0.39724 0.4
-0.39699 1.3
-0.39675 2.1
-0.3965 2.9
-0.39626 3.7
-0.39602 4.6
-0.39577 5.4
-0.39553 6.2
-0.39528 6.9
-0.39504 7.7
-0.39479 8.5
-0.39455 9.2
-0.39431 9.9
-0.39406 10.6
-0.39382 11.3
-0.39357 11.9
-0.39333 12.6
-0.39309 13.2
-0.39284 13.7
-0.3926 14.3
-0.39235 14.8
-0.39211 15.3
-0.39186 15.8
-0.39162 16.2
-0.39138 16.6
-0.39113 17.0
-0.39089 17.3
-0.39064 17.6
-0.3904 17.8
-0.39016 18.1
-0.38991 18.2
-0.38967 18.4
-0.38942 18.5
-0.38918 18.6
-0.38894 18.6
-0.38869 18.6
-0.38845 18.6
-0.3882 18.5
-0.38796 18.4
-0.38771 18.2
-0.38747 18.0
-0.38723 17.8
-0.38698 17.5
-0.38674 17.2
-0.38649 16.9
-0.38625 16.5
-0.38601 16.1
-0.38576 15.6
-0.38552 15.2
-0.38527 14.7
-0.38503 14.1
-0.38478 13.6
-0.38454 13.0
-0.3843 12.4
-0.38405 11.7
-0.38381 11.0
-0.38356 10.4
-0.38332 9.6
-0.38308 8.9
-0.38283 8.1
-0.38259 7.4
-0.38234 6.6
-0.3821 5.8
-0.38186 5.0
-0.38161 4.2
-0.38137 3.3
-0.38112 2.5
-0.38088 1.6
-0.38063 0.8
-0.38039 0.0
-0.38015 -0.9
-0.3799 -1.8
-0.37966 -2.6
-0.37941 -3.5
-0.37917 -4.3
-0.37893 -5.1
-0.37868 -5.9
-0.37844 -6.7
-0.37819 -7.5
-0.37795 -8.3
-0.3777 -9.1
-0.37746 -9.8
-0.37722 -10.5
-0.37697 -11.2
-0.37673 -11.9
-0.37648 -12.5
-0.37624 -13.2
-0.376 -13.8
-0.37575 -14.3
-0.37551 -14.9
-0.37526 -15.4
-0.37502 -15.9
-0.37477 -16.3
-0.37453 -16.7
-0.37429 -17.1
-0.37404 -17.4
-0.3738 -17.7
-0.37355 -18.0
-0.37331 -18.2
-0.37307 -18.4
-0.37282 -18.6
-0.37258 -18.7
-0.37233 -18.8
-0.37209 -18.8
-0.37185 -18.8
-0.3716 -18.7
-0.37136 -18.6
-0.37111 -18.5
-0.37087 -18.4
-0.37062 -18.2
-0.37038 -17.9
-0.37014 -17.6
-0.36989 -17.3
-0.36965 -17.0
-0.3694 -16.6
-0.36916 -16.1
-0.36892 -15.7
-0.36867 -15.2
-0.36843 -14.7
-0.36818 -14.1
-0.36794 -13.5
-0.36769 -12.9
-0.36745 -12.3
-0.36721 -11.6
-0.36696 -10.9
-0.36672 -10.2
-0.36647 -9.4
-0.36623 -8.7
-0.36599 -7.9
-0.36574 -7.1
-0.3655 -6.3
-0.36525 -5.5
-0.36501 -4.6
-0.36477 -3.8
-0.36452 -2.9
-0.36428 -2.0
-0.36403 -1.2
-0.36379 -0.3
-0.36354 0.6
-0.3633 1.5
-0.36306 2.3
-0.36281 3.2
-0.36257 4.0
-0.36232 4.9
-0.36208 5.7
-0.36184 6.6
-0.36159 7.4
-0.36135 8.2
-0.3611 9.0
-0.36086 9.7
-0.36061 10.5
-0.36037 11.2
-0.36013 11.9
-0.35988 12.6
-0.35964 13.2
-0.35939 13.8
-0.35915 14.4
-0.35891 15.0
-0.35866 15.5
-0.35842 16.0
-0.35817 16.5
-0.35793 16.9
-0.35769 17.3
-0.35744 17.6
-0.3572 17.9
-0.35695 18.2
-0.35671 18.4
-0.35646 18.6
-0.35622 18.8
-0.35598 18.9
-0.35573 19.0
-0.35549 19.0
-0.35524 19.0
-0.355 18.9
-0.35476 18.8
-0.35451 18.7
-0.35427 18.5
-0.35402 18.3
-0.35378 18.0
-0.35353 17.7
-0.35329 17.4
-0.35305 17.0
-0.3528 16.6
-0.35256 16.2
-0.35231 15.7
-0.35207 15.2
-0.35183 14.6
-0.35158 14.0
-0.35134 13.4
-0.35109 12.8
-0.35085 12.1
-0.35061 11.4
-0.35036 10.7
-0.35012 9.9
-0.34987 9.2
-0.34963 8.4
-0.34938 7.6
-0.34914 6.7
-0.3489 5.9
-0.34865 5.0
-0.34841 4.2
-0.34816 3.3
-0.34792 2.4
-0.34768 1.5
-0.34743 0.6
-0.34719 -0.3
-0.34694 -1.2
-0.3467 -2.1
-0.34645 -3.0
-0.34621 -3.8
-0.34597 -4.7
-0.34572 -5.6
-0.34548 -6.4
-0.34523 -7.3
-0.34499 -8.1
-0.34475 -8.9
-0.3445 -9.7
-0.34426 -10.5
-0.34401 -11.2
-0.34377 -11.9
-0.34352 -12.6
-0.34328 -13.3
-0.34304 -13.9
-0.34279 -14.5
-0.34255 -15.1
-0.3423 -15.7
-0.34206 -16.2
-0.34182 -16.6
-0.34157 -17.1
-0.34133 -17.5
-0.34108 -17.8
-0.34084 -18.1
-0.3406 -18.4
-0.34035 -18.6
-0.34011 -18.8
-0.33986 -19.0
-0.33962 -19.1
-0.33937 -19.2
-0.33913 -19.2
-0.33889 -19.2
-0.33864 -19.1
-0.3384 -19.0
-0.33815 -18.8
-0.33791 -18.7
-0.33767 -18.4
-0.33742 -18.1
-0.33718 -17.8
-0.33693 -17.5
-0.33669 -17.1
-0.33644 -16.6
-0.3362 -16.2
-0.33596 -15.7
-0.33571 -15.1
-0.33547 -14.5
-0.33522 -13.9
-0.33498 -13.3
-0.33474 -12.6
-0.33449 -11.9
-0.33425 -11.2
-0.334 -10.4
-0.33376 -9.6
-0.33352 -8.8
-0.33327 -8.0
-0.33303 -7.1
-0.33278 -6.3
-0.33254 -5.4
-0.33229 -4.5
-0.33205 -3.6
-0.33181 -2.7
-0.33156 -1.8
-0.33132 -0.9
-0.33107 0.0
-0.33083 1.0
-0.33059 1.9
-0.33034 2.8
-0.3301 3.7
-0.32985 4.6
-0.32961 5.5
-0.32936 6.4
-0.32912 7.2
-0.32888 8.1
-0.32863 8.9
-0.32839 9.7
-0.32814 10.5
-0.3279 11.3
-0.32766 12.0
-0.32741 12.8
-0.32717 13.4
-0.32692 14.1
-0.32668 14.7
-0.32644 15.3
-0.32619 15.9
-0.32595 16.4
-0.3257 16.9
-0.32546 17.3
-0.32521 17.7
-0.32497 18.1
-0.32473 18.4
-0.32448 18.7
-0.32424 18.9
-0.32399 19.1
-0.32375 19.2
-0.32351 19.3
-0.32326 19.4
-0.32302 19.4
-0.32277 19.4
-0.32253 19.3
-0.32228 19.2
-0.32204 19.0
-0.3218 18.8
-0.32155 18.5
-0.32131 18.2
-0.32106 17.9
-0.32082 17.5
-0.32058 17.1
-0.32033 16.6
-0.32009 16.1
-0.31984 15.6
-0.3196 15.0
-0.31936 14.4
-0.31911 13.7
-0.31887 13.0
-0.31862 12.3
-0.31838 11.6
-0.31813 10.8
-0.31789 10.0
-0.31765 9.2
-0.3174 8.4
-0.31716 7.5
-0.31691 6.6
-0.31667 5.7
-0.31643 4.8
-0.31618 3.9
-0.31594 3.0
-0.31569 2.0
-0.31545 1.1
-0.3152 0.1
-0.31496 -0.8
-0.31472 -1.8
-0.31447 -2.7
-0.31423 -3.6
-0.31398 -4.6
-0.31374 -5.5
-0.3135 -6.4
-0.31325 -7.3
-0.31301 -8.2
-0.31276 -9.0
-0.31252 -9.8
-0.31227 -10.7
-0.31203 -11.4
-0.31179 -12.2
-0.31154 -12.9
-0.3113 -13.6
-0.31105 -14.3
-0.31081 -14.9
-0.31057 -15.5
-0.31032 -16.1
-0.31008 -16.6
-0.30983 -17.1
-0.30959 -17.6
-0.30935 -18.0
-0.3091 -18.3
-0.30886 -18.7
-0.30861 -18.9
-0.30837 -19.2
-0.30812 -19.3
-0.30788 -19.5
-0.30764 -19.6
-0.30739 -19.6
-0.30715 -19.6
-0.3069 -19.5
-0.30666 -19.5
-0.30642 -19.3
-0.30617 -19.1
-0.30593 -18.9
-0.30568 -18.6
-0.30544 -18.3
-0.30519 -17.9
-0.30495 -17.5
-0.30471 -17.0
-0.30446 -16.5
-0.30422 -16.0
-0.30397 -15.4
-0.30373 -14.8
-0.30349 -14.1
-0.30324 -13.4
-0.303 -12.7
-0.30275 -12.0
-0.30251 -11.2
-0.30227 -10.4
-0.30202 -9.5
-0.30178 -8.7
-0.30153 -7.8
-0.30129 -6.9
-0.30104 -6.0
-0.3008 -5.1
-0.30056 -4.1
-0.30031 -3.2
-0.30007 -2.2
-0.29982 -1.2
-0.29958 -0.2
-0.29934 0.7
-0.29909 1.7
-0.29885 2.7
-0.2986 3.6
-0.29836 4.6
-0.29811 5.5
-0.29787 6.5
-0.29763 7.4
-0.29738 8.3
-0.29714 9.2
-0.29689 10.0
-0.29665 10.9
-0.29641 11.7
-0.29616 12.4
-0.29592 13.2
-0.29567 13.9
-0.29543 14.6
-0.29519 15.2
-0.29494 15.9
-0.2947 16.4
-0.29445 17.0
-0.29421 17.4
-0.29396 17.9
-0.29372 18.3
-0.29348 18.7
-0.29323 19.0
-0.29299 19.2
-0.29274 19.5
-0.2925 19.6
-0.29226 19.7
-0.29201 19.8
-0.29177 19.8
-0.29152 19.8
-0.29128 19.7
-0.29103 19.6
-0.29079 19.4
-0.29055 19.2
-0.2903 18.9
-0.29006 18.6
-0.28981 18.3
-0.28957 17.8
-0.28933 17.4
-0.28908 16.9
-0.28884 16.3
-0.28859 15.8
-0.28835 15.1
-0.28811 14.5
-0.28786 13.8
-0.28762 13.0
-0.28737 12.3
-0.28713 11.5
-0.28688 10.7
-0.28664 9.8
-0.2864 8.9
-0.28615 8.0
-0.28591 7.1
-0.28566 6.1
-0.28542 5.2
-0.28518 4.2
-0.28493 3.2
-0.28469 2.2
-0.28444 1.2
-0.2842 0.2
-0.28395 -0.8
-0.28371 -1.8
-0.28347 -2.8
-0.28322 -3.8
-0.28298 -4.7
-0.28273 -5.7
-0.28249 -6.7
-0.28225 -7.6
-0.282 -8.5
-0.28176 -9.4
-0.28151 -10.3
-0.28127 -11.2
-0.28102 -12.0
-0.28078 -12.8
-0.28054 -13.6
-0.28029 -14.3
-0.28005 -15.0
-0.2798 -15.6
-0.27956 -16.3
-0.27932 -16.8
-0.27907 -17.4
-0.27883 -17.8
-0.27858 -18.3
-0.27834 -18.7
-0.2781 -19.0
-0.27785 -19.3
-0.27761 -19.6
-0.27736 -19.8
-0.27712 -19.9
-0.27687 -20.0
-0.27663 -20.1
-0.27639 -20.1
-0.27614 -20.0
-0.2759 -19.9
-0.27565 -19.7
-0.27541 -19.5
-0.27517 -19.3
-0.27492 -18.9
-0.27468 -18.6
-0.27443 -18.2
-0.27419 -17.7
-0.27394 -17.2
-0.2737 -16.7
-0.27346 -16.1
-0.27321 -15.4
-0.27297 -14.8
-0.27272 -14.0
-0.27248 -13.3
-0.27224 -12.5
-0.27199 -11.7
-0.27175 -10.8
-0.2715 -9.9
-0.27126 -9.0
-0.27102 -8.1
-0.27077 -7.2
-0.27053 -6.2
-0.27028 -5.2
-0.27004 -4.2
-0.26979 -3.2
-0.26955 -2.1
-0.26931 -1.1
-0.26906 0.0
-0.26882 1.0
-0.26857 2.0
-0.26833 3.0
-0.26809 4.0
-0.26784 5.1
-0.2676 6.1
-0.26735 7.0
-0.26711 8.0
-0.26686 9.0
-0.26662 9.9
-0.26638 10.8
-0.26613 11.6
-0.26589 12.5
-0.26564 13.3
-0.2654 14.1
-0.26516 14.8
-0.26491 15.5
-0.26467 16.2
-0.26442 16.8
-0.26418 17.3
-0.26394 17.9
-0.26369 18.3
-0.26345 18.8
-0.2632 19.1
-0.26296 19.5
-0.26271 19.7
-0.26247 20.0
-0.26223 20.1
-0.26198 20.3
-0.26174 20.3
-0.26149 20.3
-0.26125 20.3
-0.26101 20.2
-0.26076 20.0
-0.26052 19.8
-0.26027 19.5
-0.26003 19.2
-0.25978 18.9
-0.25954 18.4
-0.2593 18.0
-0.25905 17.5
-0.25881 16.9
-0.25856 16.3
-0.25832 15.6
-0.25808 14.9
-0.25783 14.2
-0.25759 13.4
-0.25734 12.6
-0.2571 11.7
-0.25686 10.9
-0.25661 10.0
-0.25637 9.0
-0.25612 8.0
-0.25588 7.1
-0.25563 6.1
-0.25539 5.0
-0.25515 4.0
-0.2549 2.9
-0.25466 1.9
-0.25441 0.8
-0.25417 -0.3
-0.25393 -1.3
-0.25368 -2.4
-0.25344 -3.5
-0.25319 -4.5
-0.25295 -5.5
-0.2527 -6.6
-0.25246 -7.6
-0.25222 -8.6
-0.25197 -9.5
-0.25173 -10.5
-0.25148 -11.4
-0.25124 -12.3
-0.251 -13.1
-0.25075 -13.9
-0.25051 -14.7
-0.25026 -15.4
-0.25002 -16.1
-0.24977 -16.8
-0.24953 -17.4
-0.24929 -17.9
-0.24904 -18.4
-0.2488 -18.9
-0.24855 -19.3
-0.24831 -19.7
-0.24807 -20.0
-0.24782 -20.2
-0.24758 -20.4
-0.24733 -20.5
-0.24709 -20.6
-0.24685 -20.6
-0.2466 -20.5
-0.24636 -20.4
-0.24611 -20.3
-0.24587 -20.1
-0.24562 -19.8
-0.24538 -19.5
-0.24514 -19.1
-0.24489 -18.7
-0.24465 -18.2
-0.2444 -17.6
-0.24416 -17.0
-0.24392 -16.4
-0.24367 -15.7
-0.24343 -15.0
-0.24318 -14.2
-0.24294 -13.4
-0.24269 -12.6
-0.24245 -11.7
-0.24221 -10.7
-0.24196 -9.8
-0.24172 -8.8
-0.24147 -7.8
-0.24123 -6.8
-0.24099 -5.7
-0.24074 -4.7
-0.2405 -3.6
-0.24025 -2.5
-0.24001 -1.4
-0.23977 -0.3
-0.23952 0.8
-0.23928 1.9
-0.23903 3.0
-0.23879 4.1
-0.23854 5.2
-0.2383 6.3
-0.23806 7.3
-0.23781 8.3
-0.23757 9.3
-0.23732 10.3
-0.23708 11.3
-0.23684 12.2
-0.23659 13.1
-0.23635 13.9
-0.2361 14.7
-0.23586 15.5
-0.23561 16.2
-0.23537 16.9
-0.23513 17.5
-0.23488 18.1
-0.23464 18.7
-0.23439 19.1
-0.23415 19.5
-0.23391 19.9
-0.23366 20.2
-0.23342 20.5
-0.23317 20.7
-0.23293 20.8
-0.23269 20.9
-0.23244 20.9
-0.2322 20.8
-0.23195 20.7
-0.23171 20.5
-0.23146 20.3
-0.23122 20.0
-0.23098 19.7
-0.23073 19.2
-0.23049 18.8
-0.23024 18.3
-0.23 17.7
-0.22976 17.1
-0.22951 16.4
-0.22927 15.7
-0.22902 14.9
-0.22878 14.1
-0.22853 13.2
-0.22829 12.3
-0.22805 11.4
-0.2278 10.4
-0.22756 9.4
-0.22731 8.4
-0.22707 7.3
-0.22683 6.3
-0.22658 5.2
-0.22634 4.1
-0.22609 2.9
-0.22585 1.8
-0.22561 0.7
-0.22536 -0.5
-0.22512 -1.6
-0.22487 -2.8
-0.22463 -3.9
-0.22438 -5.0
-0.22414 -6.1
-0.2239 -7.2
-0.22365 -8.3
-0.22341 -9.3
-0.22316 -10.4
-0.22292 -11.3
-0.22268 -12.3
-0.22243 -13.2
-0.22219 -14.1
-0.22194 -14.9
-0.2217 -15.7
-0.22145 -16.5
-0.22121 -17.2
-0.22097 -17.8
-0.22072 -18.4
-0.22048 -19.0
-0.22023 -19.5
-0.21999 -19.9
-0.21975 -20.2
-0.2195 -20.6
-0.21926 -20.8
-0.21901 -21.0
-0.21877 -21.1
-0.21852 -21.2
-0.21828 -21.1
-0.21804 -21.1
-0.21779 -20.9
-0.21755 -20.7
-0.2173 -20.5
-0.21706 -20.1
-0.21682 -19.8
-0.21657 -19.3
-0.21633 -18.8
-0.21608 -18.2
-0.21584 -17.6
-0.2156 -16.9
-0.21535 -16.2
-0.21511 -15.4
-0.21486 -14.6
-0.21462 -13.7
-0.21437 -12.8
-0.21413 -11.9
-0.21389 -10.9
-0.21364 -9.9
-0.2134 -8.8
-0.21315 -7.7
-0.21291 -6.6
-0.21267 -5.5
-0.21242 -4.3
-0.21218 -3.2
-0.21193 -2.0
-0.21169 -0.8
-0.21144 0.4
-0.2112 1.6
-0.21096 2.7
-0.21071 3.9
-0.21047 5.1
-0.21022 6.2
-0.20998 7.4
-0.20974 8.5
-0.20949 9.5
-0.20925 10.6
-0.209 11.6
-0.20876 12.6
-0.20852 13.6
-0.20827 14.5
-0.20803 15.3
-0.20778 16.1
-0.20754 16.9
-0.20729 17.6
-0.20705 18.3
-0.20681 18.9
-0.20656 19.4
-0.20632 19.9
-0.20607 20.3
-0.20583 20.7
-0.20559 21.0
-0.20534 21.2
-0.2051 21.4
-0.20485 21.4
-0.20461 21.5
-0.20436 21.4
-0.20412 21.3
-0.20388 21.1
-0.20363 20.9
-0.20339 20.6
-0.20314 20.2
-0.2029 19.7
-0.20266 19.2
-0.20241 18.7
-0.20217 18.0
-0.20192 17.4
-0.20168 16.6
-0.20144 15.8
-0.20119 15.0
-0.20095 14.1
-0.2007 13.1
-0.20046 12.1
-0.20021 11.1
-0.19997 10.1
-0.19973 9.0
-0.19948 7.8
-0.19924 6.7
-0.19899 5.5
-0.19875 4.3
-0.19851 3.1
-0.19826 1.9
-0.19802 0.7
-0.19777 -0.6
-0.19753 -1.8
-0.19728 -3.0
-0.19704 -4.2
-0.1968 -5.4
-0.19655 -6.6
-0.19631 -7.8
-0.19606 -8.9
-0.19582 -10.1
-0.19558 -11.1
-0.19533 -12.2
-0.19509 -13.2
-0.19484 -14.2
-0.1946 -15.1
-0.19436 -16.0
-0.19411 -16.8
-0.19387 -17.5
-0.19362 -18.3
-0.19338 -18.9
-0.19313 -19.5
-0.19289 -20.0
-0.19265 -20.5
-0.1924 -20.9
-0.19216 -21.2
-0.19191 -21.5
-0.19167 -21.6
-0.19143 -21.8
-0.19118 -21.8
-0.19094 -21.8
-0.19069 -21.7
-0.19045 -21.5
-0.1902 -21.2
-0.18996 -20.9
-0.18972 -20.5
-0.18947 -20.1
-0.18923 -19.6
-0.18898 -19.0
-0.18874 -18.3
-0.1885 -17.6
-0.18825 -16.8
-0.18801 -16.0
-0.18776 -15.1
-0.18752 -14.2
-0.18727 -13.2
-0.18703 -12.2
-0.18679 -11.1
-0.18654 -10.0
-0.1863 -8.8
-0.18605 -7.6
-0.18581 -6.4
-0.18557 -5.2
-0.18532 -4.0
-0.18508 -2.7
-0.18483 -1.4
-0.18459 -0.2
-0.18435 1.1
-0.1841 2.4
-0.18386 3.7
-0.18361 4.9
-0.18337 6.2
-0.18312 7.4
-0.18288 8.6
-0.18264 9.8
-0.18239 10.9
-0.18215 12.0
-0.1819 13.1
-0.18166 14.1
-0.18142 15.1
-0.18117 16.0
-0.18093 16.9
-0.18068 17.7
-0.18044 18.4
-0.18019 19.1
-0.17995 19.7
-0.17971 20.3
-0.17946 20.8
-0.17922 21.2
-0.17897 21.5
-0.17873 21.8
-0.17849 22.0
-0.17824 22.1
-0.178 22.1
-0.17775 22.1
-0.17751 22.0
-0.17727 21.8
-0.17702 21.5
-0.17678 21.2
-0.17653 20.8
-0.17629 20.3
-0.17604 19.7
-0.1758 19.1
-0.17556 18.4
-0.17531 17.6
-0.17507 16.8
-0.17482 15.9
-0.17458 15.0
-0.17434 14.0
-0.17409 12.9
-0.17385 11.8
-0.1736 10.7
-0.17336 9.5
-0.17311 8.3
-0.17287 7.1
-0.17263 5.8
-0.17238 4.5
-0.17214 3.2
-0.17189 1.9
-0.17165 0.5
-0.17141 -0.8
-0.17116 -2.1
-0.17092 -3.5
-0.17067 -4.8
-0.17043 -6.1
-0.17019 -7.3
-0.16994 -8.6
-0.1697 -9.8
-0.16945 -11.0
-0.16921 -12.2
-0.16896 -13.3
-0.16872 -14.3
-0.16848 -15.4
-0.16823 -16.3
-0.16799 -17.2
-0.16774 -18.1
-0.1675 -18.8
-0.16726 -19.5
-0.16701 -20.2
-0.16677 -20.7
-0.16652 -21.2
-0.16628 -21.6
-0.16603 -22.0
-0.16579 -22.2
-0.16555 -22.4
-0.1653 -22.5
-0.16506 -22.5
-0.16481 -22.4
-0.16457 -22.3
-0.16433 -22.1
-0.16408 -21.7
-0.16384 -21.3
-0.16359 -20.9
-0.16335 -20.3
-0.16311 -19.7
-0.16286 -19.0
-0.16262 -18.2
-0.16237 -17.4
-0.16213 -16.5
-0.16188 -15.5
-0.16164 -14.5
-0.1614 -13.4
-0.16115 -12.3
-0.16091 -11.1
-0.16066 -9.9
-0.16042 -8.6
-0.16018 -7.3
-0.15993 -6.0
-0.15969 -4.6
-0.15944 -3.3
-0.1592 -1.9
-0.15895 -0.5
-0.15871 0.9
-0.15847 2.3
-0.15822 3.7
-0.15798 5.0
-0.15773 6.4
-0.15749 7.7
-0.15725 9.0
-0.157 10.3
-0.15676 11.5
-0.15651 12.7
-0.15627 13.9
-0.15602 15.0
-0.15578 16.0
-0.15554 17.0
-0.15529 17.9
-0.15505 18.7
-0.1548 19.5
-0.15456 20.2
-0.15432 20.9
-0.15407 21.4
-0.15383 21.9
-0.15358 22.2
-0.15334 22.5
-0.1531 22.8
-0.15285 22.9
-0.15261 22.9
-0.15236 22.9
-0.15212 22.7
-0.15187 22.5
-0.15163 22.2
-0.15139 21.8
-0.15114 21.3
-0.1509 20.7
-0.15065 20.1
-0.15041 19.3
-0.15017 18.5
-0.14992 17.7
-0.14968 16.7
-0.14943 15.7
-0.14919 14.6
-0.14894 13.5
-0.1487 12.3
-0.14846 11.0
-0.14821 9.8
-0.14797 8.4
-0.14772 7.1
-0.14748 5.7
-0.14724 4.3
-0.14699 2.8
-0.14675 1.4
-0.1465 0.0
-0.14626 -1.5
-0.14602 -3.0
-0.14577 -4.4
-0.14553 -5.8
-0.14528 -7.3
-0.14504 -8.6
-0.14479 -10.0
-0.14455 -11.3
-0.14431 -12.5
-0.14406 -13.8
-0.14382 -14.9
-0.14357 -16.0
-0.14333 -17.1
-0.14309 -18.0
-0.14284 -18.9
-0.1426 -19.8
-0.14235 -20.5
-0.14211 -21.2
-0.14186 -21.8
-0.14162 -22.3
-0.14138 -22.7
-0.14113 -23.0
-0.14089 -23.2
-0.14064 -23.3
-0.1404 -23.3
-0.14016 -23.3
-0.13991 -23.1
-0.13967 -22.9
-0.13942 -22.5
-0.13918 -22.1
-0.13894 -21.5
-0.13869 -20.9
-0.13845 -20.2
-0.1382 -19.4
-0.13796 -18.6
-0.13771 -17.6
-0.13747 -16.6
-0.13723 -15.5
-0.13698 -14.3
-0.13674 -13.1
-0.13649 -11.8
-0.13625 -10.5
-0.13601 -9.1
-0.13576 -7.7
-0.13552 -6.3
-0.13527 -4.8
-0.13503 -3.3
-0.13478 -1.8
-0.13454 -0.2
-0.1343 1.3
-0.13405 2.8
-0.13381 4.3
-0.13356 5.8
-0.13332 7.3
-0.13308 8.8
-0.13283 10.2
-0.13259 11.5
-0.13234 12.9
-0.1321 14.1
-0.13186 15.3
-0.13161 16.5
-0.13137 17.6
-0.13112 18.6
-0.13088 19.5
-0.13063 20.4
-0.13039 21.1
-0.13015 21.8
-0.1299 22.4
-0.12966 22.9
-0.12941 23.2
-0.12917 23.5
-0.12893 23.7
-0.12868 23.8
-0.12844 23.8
-0.12819 23.7
-0.12795 23.4
-0.1277 23.1
-0.12746 22.7
-0.12722 22.2
-0.12697 21.5
-0.12673 20.8
-0.12648 20.0
-0.12624 19.1
-0.126 18.1
-0.12575 17.1
-0.12551 15.9
-0.12526 14.7
-0.12502 13.4
-0.12477 12.1
-0.12453 10.7
-0.12429 9.2
-0.12404 7.7
-0.1238 6.2
-0.12355 4.7
-0.12331 3.1
-0.12307 1.5
-0.12282 -0.1
-0.12258 -1.7
-0.12233 -3.3
-0.12209 -4.9
-0.12185 -6.5
-0.1216 -8.0
-0.12136 -9.5
-0.12111 -11.0
-0.12087 -12.4
-0.12062 -13.8
-0.12038 -15.1
-0.12014 -16.4
-0.11989 -17.5
-0.11965 -18.6
-0.1194 -19.6
-0.11916 -20.5
-0.11892 -21.4
-0.11867 -22.1
-0.11843 -22.7
-0.11818 -23.3
-0.11794 -23.7
-0.11769 -24.0
-0.11745 -24.2
-0.11721 -24.3
-0.11696 -24.3
-0.11672 -24.2
-0.11647 -23.9
-0.11623 -23.6
-0.11599 -23.1
-0.11574 -22.5
-0.1155 -21.9
-0.11525 -21.1
-0.11501 -20.2
-0.11477 -19.2
-0.11452 -18.2
-0.11428 -17.0
-0.11403 -15.8
-0.11379 -14.5
-0.11354 -13.1
-0.1133 -11.7
-0.11306 -10.2
-0.11281 -8.6
-0.11257 -7.0
-0.11232 -5.4
-0.11208 -3.7
-0.11184 -2.0
-0.11159 -0.3
-0.11135 1.4
-0.1111 3.0
-0.11086 4.7
-0.11061 6.4
-0.11037 8.0
-0.11013 9.6
-0.10988 11.2
-0.10964 12.7
-0.10939 14.1
-0.10915 15.5
-0.10891 16.8
-0.10866 18.0
-0.10842 19.2
-0.10817 20.2
-0.10793 21.2
-0.10769 22.0
-0.10744 22.8
-0.1072 23.4
-0.10695 24.0
-0.10671 24.4
-0.10646 24.7
-0.10622 24.8
-0.10598 24.9
-0.10573 24.8
-0.10549 24.6
-0.10524 24.3
-0.105 23.8
-0.10476 23.3
-0.10451 22.6
-0.10427 21.8
-0.10402 20.9
-0.10378 19.9
-0.10353 18.8
-0.10329 17.6
-0.10305 16.3
-0.1028 14.9
-0.10256 13.4
-0.10231 11.9
-0.10207 10.3
-0.10183 8.7
-0.10158 7.0
-0.10134 5.3
-0.10109 3.5
-0.10085 1.7
-0.10061 0.0
-0.10036 -1.9
-0.10012 -3.7
-0.09987 -5.5
-0.09963 -7.2
-0.09938 -8.9
-0.09914 -10.6
-0.0989 -12.2
-0.09865 -13.8
-0.09841 -15.3
-0.09816 -16.7
-0.09792 -18.0
-0.09768 -19.3
-0.09743 -20.4
-0.09719 -21.5
-0.09694 -22.4
-0.0967 -23.2
-0.09645 -23.9
-0.09621 -24.5
-0.09597 -24.9
-0.09572 -25.2
-0.09548 -25.4
-0.09523 -25.5
-0.09499 -25.4
-0.09475 -25.2
-0.0945 -24.8
-0.09426 -24.3
-0.09401 -23.7
-0.09377 -22.9
-0.09352 -22.1
-0.09328 -21.1
-0.09304 -20.0
-0.09279 -18.7
-0.09255 -17.4
-0.0923 -16.0
-0.09206 -14.5
-0.09182 -12.9
-0.09157 -11.2
-0.09133 -9.5
-0.09108 -7.7
-0.09084 -5.9
-0.0906 -4.0
-0.09035 -2.1
-0.09011 -0.2
-0.08986 1.7
-0.08962 3.6
-0.08937 5.5
-0.08913 7.4
-0.08889 9.2
-0.08864 11.0
-0.0884 12.7
-0.08815 14.4
-0.08791 15.9
-0.08767 17.4
-0.08742 18.8
-0.08718 20.1
-0.08693 21.3
-0.08669 22.4
-0.08644 23.3
-0.0862 24.2
-0.08596 24.8
-0.08571 25.4
-0.08547 25.8
-0.08522 26.0
-0.08498 26.1
-0.08474 26.1
-0.08449 25.9
-0.08425 25.6
-0.084 25.1
-0.08376 24.4
-0.08352 23.6
-0.08327 22.7
-0.08303 21.7
-0.08278 20.5
-0.08254 19.2
-0.08229 17.8
-0.08205 16.2
-0.08181 14.6
-0.08156 12.9
-0.08132 11.1
-0.08107 9.2
-0.08083 7.3
-0.08059 5.3
-0.08034 3.3
-0.0801 1.3
-0.07985 -0.7
-0.07961 -2.8
-0.07936 -4.8
-0.07912 -6.8
-0.07888 -8.8
-0.07863 -10.7
-0.07839 -12.6
-0.07814 -14.4
-0.0779 -16.1
-0.07766 -17.7
-0.07741 -19.2
-0.07717 -20.6
-0.07692 -21.9
-0.07668 -23.1
-0.07644 -24.1
-0.07619 -24.9
-0.07595 -25.6
-0.0757 -26.2
-0.07546 -26.6
-0.07521 -26.8
-0.07497 -26.9
-0.07473 -26.8
-0.07448 -26.5
-0.07424 -26.1
-0.07399 -25.5
-0.07375 -24.7
-0.07351 -23.8
-0.07326 -22.7
-0.07302 -21.5
-0.07277 -20.1
-0.07253 -18.6
-0.07228 -17.0
-0.07204 -15.3
-0.0718 -13.5
-0.07155 -11.5
-0.07131 -9.5
-0.07106 -7.5
-0.07082 -5.3
-0.07058 -3.2
-0.07033 -1.0
-0.07009 1.2
-0.06984 3.4
-0.0696 5.6
-0.06936 7.8
-0.06911 9.9
-0.06887 11.9
-0.06862 13.9
-0.06838 15.8
-0.06813 17.6
-0.06789 19.3
-0.06765 20.8
-0.0674 22.2
-0.06716 23.5
-0.06691 24.6
-0.06667 25.6
-0.06643 26.4
-0.06618 27.0
-0.06594 27.4
-0.06569 27.7
-0.06545 27.7
-0.0652 27.6
-0.06496 27.3
-0.06472 26.8
-0.06447 26.1
-0.06423 25.2
-0.06398 24.1
-0.06374 22.9
-0.0635 21.5
-0.06325 20.0
-0.06301 18.3
-0.06276 16.5
-0.06252 14.5
-0.06227 12.5
-0.06203 10.3
-0.06179 8.1
-0.06154 5.8
-0.0613 3.5
-0.06105 1.1
-0.06081 -1.3
-0.06057 -3.7
-0.06032 -6.0
-0.06008 -8.4
-0.05983 -10.6
-0.05959 -12.9
-0.05935 -15.0
-0.0591 -17.0
-0.05886 -18.9
-0.05861 -20.7
-0.05837 -22.3
-0.05812 -23.8
-0.05788 -25.0
-0.05764 -26.2
-0.05739 -27.1
-0.05715 -27.8
-0.0569 -28.3
-0.05666 -28.6
-0.05642 -28.7
-0.05617 -28.6
-0.05593 -28.2
-0.05568 -27.6
-0.05544 -26.9
-0.05519 -25.9
-0.05495 -24.7
-0.05471 -23.3
-0.05446 -21.7
-0.05422 -20.0
-0.05397 -18.1
-0.05373 -16.0
-0.05349 -13.9
-0.05324 -11.6
-0.053 -9.2
-0.05275 -6.7
-0.05251 -4.1
-0.05227 -1.5
-0.05202 1.1
-0.05178 3.7
-0.05153 6.3
-0.05129 8.8
-0.05104 11.3
-0.0508 13.7
-0.05056 16.0
-0.05031 18.2
-0.05007 20.3
-0.04982 22.1
-0.04958 23.9
-0.04934 25.4
-0.04909 26.7
-0.04885 27.8
-0.0486 28.6
-0.04836 29.3
-0.04811 29.7
-0.04787 29.8
-0.04763 29.7
-0.04738 29.3
-0.04714 28.7
-0.04689 27.8
-0.04665 26.7
-0.04641 25.4
-0.04616 23.8
-0.04592 22.0
-0.04567 20.0
-0.04543 17.9
-0.04519 15.5
-0.04494 13.0
-0.0447 10.4
-0.04445 7.7
-0.04421 4.9
-0.04396 2.1
-0.04372 -0.8
-0.04348 -3.7
-0.04323 -6.6
-0.04299 -9.4
-0.04274 -12.2
-0.0425 -14.8
-0.04226 -17.3
-0.04201 -19.7
-0.04177 -21.9
-0.04152 -23.9
-0.04128 -25.7
-0.04103 -27.3
-0.04079 -28.6
-0.04055 -29.7
-0.0403 -30.4
-0.04006 -30.9
-0.03981 -31.1
-0.03957 -31.0
-0.03933 -30.6
-0.03908 -29.9
-0.03884 -28.9
-0.03859 -27.6
-0.03835 -26.0
-0.03811 -24.2
-0.03786 -22.1
-0.03762 -19.8
-0.03737 -17.2
-0.03713 -14.5
-0.03688 -11.6
-0.03664 -8.6
-0.0364 -5.5
-0.03615 -2.3
-0.03591 0.9
-0.03566 4.2
-0.03542 7.4
-0.03518 10.5
-0.03493 13.6
-0.03469 16.6
-0.03444 19.3
-0.0342 21.9
-0.03395 24.3
-0.03371 26.4
-0.03347 28.3
-0.03322 29.8
-0.03298 31.1
-0.03273 32.0
-0.03249 32.5
-0.03225 32.7
-0.032 32.5
-0.03176 32.0
-0.03151 31.1
-0.03127 29.8
-0.03102 28.2
-0.03078 26.3
-0.03054 24.0
-0.03029 21.4
-0.03005 18.6
-0.0298 15.5
-0.02956 12.3
-0.02932 8.8
-0.02907 5.3
-0.02883 1.6
-0.02858 -2.1
-0.02834 -5.8
-0.0281 -9.5
-0.02785 -13.0
-0.02761 -16.5
-0.02736 -19.7
-0.02712 -22.8
-0.02687 -25.5
-0.02663 -28.0
-0.02639 -30.1
-0.02614 -31.8
-0.0259 -33.2
-0.02565 -34.1
-0.02541 -34.6
-0.02517 -34.6
-0.02492 -34.2
-0.02468 -33.3
-0.02443 -31.9
-0.02419 -30.1
-0.02394 -27.8
-0.0237 -25.2
-0.02346 -22.2
-0.02321 -18.8
-0.02297 -15.2
-0.02272 -11.3
-0.02248 -7.2
-0.02224 -2.9
-0.02199 1.4
-0.02175 5.8
-0.0215 10.1
-0.02126 14.2
-0.02102 18.3
-0.02077 22.0
-0.02053 25.5
-0.02028 28.6
-0.02004 31.3
-0.01979 33.6
-0.01955 35.3
-0.01931 36.5
-0.01906 37.1
-0.01882 37.0
-0.01857 36.4
-0.01833 35.2
-0.01809 33.4
-0.01784 30.9
-0.0176 27.9
-0.01735 24.4
-0.01711 20.4
-0.01686 16.0
-0.01662 11.3
-0.01638 6.3
-0.01613 1.1
-0.01589 -4.1
-0.01564 -9.4
-0.0154 -14.5
-0.01516 -19.5
-0.01491 -24.1
-0.01467 -28.3
-0.01442 -32.0
-0.01418 -35.1
-0.01394 -37.6
-0.01369 -39.3
-0.01345 -40.2
-0.0132 -40.3
-0.01296 -39.5
-0.01271 -37.9
-0.01247 -35.3
-0.01223 -32.0
-0.01198 -27.9
-0.01174 -23.0
-0.01149 -17.6
-0.01125 -11.6
-0.01101 -5.2
-0.01076 1.4
-0.01052 8.1
-0.01027 14.7
-0.01003 21.1
-0.00978 27.0
-0.00954 32.4
-0.0093 37.0
-0.00905 40.6
-0.00881 43.2
-0.00856 44.5
-0.00832 44.6
-0.00808 43.4
-0.00783 40.8
-0.00759 36.9
-0.00734 31.7
-0.0071 25.3
-0.00686 17.9
-0.00661 9.6
-0.00637 0.9
-0.00612 -8.2
-0.00588 -17.2
-0.00563 -25.8
-0.00539 -33.7
-0.00515 -40.5
-0.0049 -45.8
-0.00466 -49.3
-0.00441 -50.7
-0.00417 -49.9
-0.00393 -46.7
-0.00368 -41.0
-0.00344 -33.1
-0.00319 -23.1
-0.00295 -11.5
-0.0027 1.4
-0.00246 14.6
-0.00222 27.6
-0.00197 39.3
-0.00173 48.9
-0.00148 55.4
-0.00124 58.0
-0.001 55.9
-0.00075 48.8
-0.00051 36.8
-0.00026 20.3
-2e-05 0.8
0.00023 -19.6
0.00047 -38.0
0.00071 -51.6
0.00096 -57.8
0.0012 -55.1
0.00145 -43.4
0.00169 -24.7
0.00193 -2.3
0.00218 19.3
0.00242 35.8
0.00267 44.1
0.00291 42.7
0.00315 32.7
0.0034 16.8
0.00364 -0.9
0.00389 -16.3
0.00413 -26.1
0.00438 -28.8
0.00462 -24.6
0.00486 -15.3
0.00511 -3.8
0.00535 6.9
0.0056 14.4
0.00584 17.3
0.00608 15.6
0.00633 10.4
0.00657 3.4
0.00682 -3.3
0.00706 -8.2
0.00731 -10.2
0.00755 -9.5
0.00779 -6.5
0.00804 -2.3
0.00828 1.8
0.00853 4.8
0.00877 6.1
0.00901 5.7
0.00926 3.9
0.0095 1.4
0.00975 -1.0
0.00999 -2.9
0.01023 -3.7
0.01048 -3.4
0.01072 -2.4
0.01097 -0.9
0.01121 0.6
0.01146 1.7
0.0117 2.2
0.01194 2.1
0.01219 1.4
0.01243 0.5
0.01268 -0.4
0.01292 -1.1
0.01316 -1.4
0.01341 -1.3
0.01365 -0.9
0.0139 -0.3
0.01414 0.2
0.01439 0.6
0.01463 0.8
0.01487 0.8
0.01512 0.5
0.01536 0.2
0.01561 -0.1
0.01585 -0.4
0.01609 -0.5
0.01634 -0.5
0.01658 -0.3
0.01683 -0.1
0.01707 0.0
0.01731 0.2
0.01756 0.3
0.0178 0.3
0.01805 0.2
0.01829 0.0
0.01854 0.0
0.01878 -0.1
0.01902 -0.2
0.01927 -0.2
0.01951 -0.1
0.01976 0.0
0.02 0.0
0.02024 0.0
0.02049 0.1
0.02073 0.1
0.02098 0.0
0.02122 0.0
0.02147 0.0
0.02171 0.0
0.02195 0.0
0.0222 0.0
0.02244 0.0
0.02269 0.0
0.02293 0.0
0.02317 0.0
0.02342 0.0
0.02366 0.0
0.02391 0.0
0.02415 0.0
0.02439 0.0
0.02464 0.0
0.02488 0.0
0.02513 0.0
0.02537 0.0
0.02562 0.0
0.02586 0.0
0.0261 0.0
0.02635 0.0
0.02659 0.0
0.02684 0.0
0.02708 0.0
0.02732 0.0
0.02757 0.0
0.02781 0.0
0.02806 0.0
0.0283 0.0
0.02855 0.0
0.02879 0.0
0.02903 0.0
0.02928 0.0
0.02952 0.0
0.02977 0.0
0.03001 0.0
0.03025 0.0
0.0305 0.0
0.03074 0.0
0.03099 0.0
0.03123 0.0
0.03148 0.0
0.03172 0.0
0.03196 0.0
0.03221 0.0
0.03245 0.0
0.0327 0.0
0.03294 0.0
0.03318 0.0
0.03343 0.0
0.03367 0.0
0.03392 0.0
0.03416 0.0
0.0344 0.0
0.03465 0.0
0.03489 0.0
0.03514 0.0
0.03538 0.0
0.03563 0.0
0.03587 0.0
0.03611 0.0
0.03636 0.0
0.0366 0.0
0.03685 0.0
0.03709 0.0
0.03733 0.0
0.03758 0.0
0.03782 0.0
0.03807 0.0
0.03831 0.0
0.03856 0.0
0.0388 0.0
0.03904 0.0
0.03929 0.0
0.03953 0.0
0.03978 0.0
0.04002 0.0
0.04026 0.0
0.04051 0.0
0.04075 0.0
0.041 0.0
0.04124 0.0
0.04148 0.0
0.04173 0.0
0.04197 0.0
0.04222 0.0
0.04246 0.0
0.04271 0.0
0.04295 0.0
0.04319 0.0
0.04344 0.0
0.04368 0.0
0.04393 0.0
0.04417 0.0
0.04441 0.0
0.04466 0.0
0.0449 0.0
0.04515 0.0
0.04539 0.0
0.04564 0.0
0.04588 0.0
0.04612 0.0
0.04637 0.0
0.04661 0.0
0.04686 0.0
0.0471 0.0
0.04734 0.0
0.04759 0.0
0.04783 0.0
0.04808 0.0
0.04832 0.0
0.04856 0.0
0.04881 0.0
0.04905 0.0
0.0493 0.0
0.04954 0.0
0.04979 0.0
0.05003 0.0
0.05027 0.0
0.05052 0.0
0.05076 0.0
0.05101 0.0
0.05125 0.0
0.05149 0.0
0.05174 0.0
0.05198 0.0
0.05223 0.0
0.05247 0.0
0.05272 0.0
0.05296 0.0
0.0532 0.0
0.05345 0.0
0.05369 0.0
0.05394 0.0
0.05418 0.0
0.05442 0.0
0.05467 0.0
0.05491 0.0
0.05516 0.0
0.0554 0.0
0.05564 0.0
0.05589 0.0
0.05613 0.0
0.05638 0.0
0.05662 0.0
0.05687 0.0
0.05711 0.0
0.05735 0.0
0.0576 0.0
0.05784 0.0
0.05809 0.0
0.05833 0.0
0.05857 0.0
0.05882 0.0
0.05906 0.0
0.05931 0.0
0.05955 0.0
0.0598 0.0
0.06004 0.0
0.06028 0.0
0.06053 0.0
0.06077 0.0
0.06102 0.0
0.06126 0.0
0.0615 0.0
0.06175 0.0
0.06199 0.0
0.06224 0.0
0.06248 0.0
0.06273 0.0
0.06297 0.0
0.06321 0.0
0.06346 0.0
0.0637 0.0
0.06395 0.0
0.06419 0.0
0.06443 0.0
0.06468 0.0
0.06492 0.0
0.06517 0.0
0.06541 0.0
0.06565 0.0
0.0659 0.0
0.06614 0.0
0.06639 0.0
0.06663 0.0
0.06688 0.0
0.06712 0.0
0.06736 0.0
0.06761 0.0
0.06785 0.0
0.0681 0.0
0.06834 0.0
0.06858 0.0
0.06883 0.0
0.06907 0.0
0.06932 0.0
0.06956 0.0
0.06981 0.0
0.07005 0.0
0.07029 0.0
0.07054 0.0
0.07078 0.0
0.07103 0.0
0.07127 0.0
0.07151 0.0
0.07176 0.0
0.072 0.0
0.07225 0.0
0.07249 0.0
0.07273 0.0
0.07298 0.0
0.07322 0.0
0.07347 0.0
0.07371 0.0
0.07396 0.0
0.0742 0.0
0.07444 0.0
0.07469 0.0
0.07493 0.0
0.07518 0.0
0.07542 0.0
0.07566 0.0
0.07591 0.0
0.07615 0.0
0.0764 0.0
0.07664 0.0
0.07689 0.0
0.07713 0.0
0.07737 0.0
0.07762 0.0
0.07786 0.0
0.07811 0.0
0.07835 0.0
0.07859 0.0
0.07884 0.0
0.07908 0.0
0.07933 0.0
0.07957 0.0
0.07981 0.0
0.08006 0.0
0.0803 0.0
0.08055 0.0
0.08079 0.0
0.08104 0.0
0.08128 0.0
0.08152 0.0
0.08177 0.0
0.08201 0.0
0.08226 0.0
0.0825 0.0
0.08274 0.0
0.08299 0.0
0.08323 0.0
0.08348 0.0
0.08372 0.0
0.08397 0.0
0.08421 0.0
0.08445 0.0
0.0847 0.0
0.08494 0.0
0.08519 0.0
0.08543 0.0
0.08567 0.0
0.08592 0.0
0.08616 0.0
0.08641 0.0
0.08665 0.0
0.08689 0.0
0.08714 0.0
0.08738 0.0
0.08763 0.0
0.08787 0.0
0.08812 0.0
0.08836 0.0
0.0886 0.0
0.08885 0.0
0.08909 0.0
0.08934 0.0
0.08958 0.0
0.08982 0.0
0.09007 0.0
0.09031 0.0
0.09056 0.0
0.0908 0.0
0.09105 0.0
0.09129 0.0
0.09153 0.0
0.09178 0.0
0.09202 0.0
0.09227 0.0
0.09251 0.0
0.09275 0.0
0.093 0.0
0.09324 0.0
0.09349 0.0
0.09373 0.0
0.09398 0.0
0.09422 0.0
0.09446 0.0
0.09471 0.0
0.09495 0.0
0.0952 0.0
0.09544 0.0
0.09568 0.0
0.09593 0.0
0.09617 0.0
0.09642 0.0
0.09666 0.0
0.0969 0.0
0.09715 0.0
0.09739 0.0
0.09764 0.0
0.09788 0.0
0.09813 0.0
0.09837 0.0
0.09861 0.0
0.09886 0.0
0.0991 0.0
0.09935 0.0
0.09959 0.0
0.09983 0.0
0.10008 0.0
0.10032 0.0
0.10057 0.0
0.10081 0.0
0.10106 0.0
0.1013 0.0
0.10154 0.0
0.10179 0.0
0.10203 0.0
0.10228 0.0
0.10252 0.0
0.10276 0.0
0.10301 0.0
0.10325 0.0
0.1035 0.0
0.10374 0.0
0.10398 0.0
0.10423 0.0
0.10447 0.0
0.10472 0.0
0.10496 0.0
0.10521 0.0
0.10545 0.0
0.10569 0.0
0.10594 0.0
0.10618 0.0
0.10643 0.0
0.10667 0.0
0.10691 0.0
0.10716 0.0
0.1074 0.0
0.10765 0.0
0.10789 0.0
0.10814 0.0
0.10838 0.0
0.10862 0.0
0.10887 0.0
0.10911 0.0
0.10936 0.0
0.1096 0.0
0.10984 0.0
0.11009 0.0
0.11033 0.0
0.11058 0.0
0.11082 0.0
0.11106 0.0
0.11131 0.0
0.11155 0.0
0.1118 0.0
0.11204 0.0
0.11229 0.0
0.11253 0.0
0.11277 0.0
0.11302 0.0
0.11326 0.0
0.11351 0.0
0.11375 0.0
0.11399 0.0
0.11424 0.0
0.11448 0.0
0.11473 0.0
0.11497 0.0
0.11522 0.0
0.11546 0.0
0.1157 0.0
0.11595 0.0
0.11619 0.0
0.11644 0.0
0.11668 0.0
0.11692 0.0
0.11717 0.0
0.11741 0.0
